Undistorted_SfM/0015/images/492111834_53b604129e_o.jpg Undistorted_SfM/0015/images/2297788512_6d09de6efa_o.jpg 0 0 1568.87 0.0 800.0 0.0 1569.3 590.5 0.0 0.0 1.0 3983.82 0.0 780.0 0.0 3983.82 585.0 0.0 0.0 1.0 0.9957633140789378 0.01833338540513638 0.0901072101117162 -0.5076524401512763 -0.021658498866026162 0.9991147744799928 0.036063511235922455 1.0344854110118054 -0.08936627865923799 -0.037862308373630624 0.9952789125884356 4.59688365836187 0.0 0.0 0.0 1.0
Undistorted_SfM/0015/images/3819243606_7acfaf85dd_o.jpg Undistorted_SfM/0015/images/2441106114_fb6683563e_o.jpg 0 0 2233.74 0.0 785.0 0.0 2233.74 523.0 0.0 0.0 1.0 5311.04 0.0 800.0 0.0 5310.99 532.0 0.0 0.0 1.0 0.9998937117404737 -0.009114132440756722 0.011379710528435144 -0.17385712143468135 0.007826508253350418 0.9940685418980177 0.10847340585281363 -0.10064738961319841 -0.012300853239465455 -0.10837281300492906 0.9940342159156194 -0.14163999698969976 0.0 0.0 0.0 1.0
Undistorted_SfM/0015/images/389635453_56b927cfe2_o.jpg Undistorted_SfM/0015/images/3612636980_590b713557_o.jpg 0 0 4593.99 0.0 800.0 0.0 4593.03 599.0 0.0 0.0 1.0 1903.62 0.0 800.0 0.0 1904.17 525.0 0.0 0.0 1.0 0.9050216837178896 0.1479259226455646 0.39881533748076153 -2.6780015594064106 -0.06196100461336486 0.9734280867423722 -0.22045088761079487 0.6231952245822711 -0.4208284518752717 0.17480183451709874 0.8901391648173436 4.919044069996736 0.0 0.0 0.0 1.0
Undistorted_SfM/0015/images/2140428609_eecfae94d0_o.jpg Undistorted_SfM/0015/images/1949239530_e4b06e6181_o.jpg 0 0 1205.08 0.0 800.0 0.0 1204.87 521.0 0.0 0.0 1.0 3200.17 0.0 786.0 0.0 3200.17 588.0 0.0 0.0 1.0 0.9733367268958728 -0.01801169976732693 0.2286726803689504 -1.3423511813855862 0.0022645658217123037 0.997618261566595 0.06893965426722201 0.7059272864393248 -0.22936976221217045 -0.06658365310146815 0.9710592820844645 3.5490509011493443 0.0 0.0 0.0 1.0
Undistorted_SfM/0015/images/149746184_742eef21ef_o.jpg Undistorted_SfM/0015/images/3611827485_281ac6d564_o.jpg 0 0 1420.7 0.0 656.0 0.0 1420.7 471.5 0.0 0.0 1.0 2089.99 0.0 800.0 0.0 2090.98 527.5 0.0 0.0 1.0 0.9999342693576951 -0.010797431118109463 0.003856480953110086 1.575746205366523 0.01064431004893237 0.9992311404141128 0.03773362810933579 -0.1365446779261954 -0.004260942111108402 -0.03769009827476097 0.9992803915139955 -0.6451308287900455 0.0 0.0 0.0 1.0
Undistorted_SfM/0015/images/4171014767_0fe879b783_o.jpg Undistorted_SfM/0015/images/3602436699_8ae57299b4_o.jpg 0 0 1144.51 0.0 528.0 0.0 1144.51 390.0 0.0 0.0 1.0 2905.29 0.0 800.0 0.0 2905.86 598.5 0.0 0.0 1.0 0.9991433037760591 -0.024515981110148136 -0.033341043619957336 0.4424673024798036 0.025171005712310814 0.9994954766317203 0.019370406917795357 -0.3247257681728893 0.03284933775423571 -0.020193039962745112 0.9992563045316104 -1.3048078459269215 0.0 0.0 0.0 1.0
Undistorted_SfM/0015/images/2184088002_84bd02907a_o.jpg Undistorted_SfM/0015/images/144245474_d030ef9e44_o.jpg 0 0 3753.57 0.0 639.5 0.0 3753.57 479.5 0.0 0.0 1.0 1748.17 0.0 800.0 0.0 1748.23 592.0 0.0 0.0 1.0 0.9835058602995073 0.0030970997510097044 -0.18084974628032505 1.1144980787070828 -0.01630459267861508 0.9973009176184517 -0.07158938451319824 0.257307129799395 0.1801398984514816 0.07335726065309679 0.9809017939097486 1.4982163632636583 0.0 0.0 0.0 1.0
Undistorted_SfM/0015/images/2695220557_acffd8b032_o.jpg Undistorted_SfM/0015/images/2200977989_16fdf0cdbb_o.jpg 0 0 1708.42 0.0 800.0 0.0 1708.74 591.5 0.0 0.0 1.0 1361.06 0.0 523.5 0.0 1361.06 345.0 0.0 0.0 1.0 0.9351908136567979 -0.08108278039830985 -0.3447371821762415 1.6340856170375126 0.05226181998051233 0.9943768627315148 -0.09210514120587814 0.8356741111900194 0.3502668186172652 0.06811928939081557 0.9341696410120751 5.076065356769201 0.0 0.0 0.0 1.0
Undistorted_SfM/0015/images/2643014739_100e489a0f_o.jpg Undistorted_SfM/0015/images/2200977989_16fdf0cdbb_o.jpg 0 0 2612.17 0.0 800.0 0.0 2611.34 532.0 0.0 0.0 1.0 1361.06 0.0 523.5 0.0 1361.06 345.0 0.0 0.0 1.0 0.8897770068057905 0.10363573516574245 0.44447329791156803 1.073318178694405 -0.06822746243347175 0.9931380869070892 -0.09498291269705399 0.5513277738902252 -0.45126698475472216 0.05418832652133766 0.8907422375408047 2.989017620515311 0.0 0.0 0.0 1.0
Undistorted_SfM/0015/images/2795417037_fd80a23e35_o.jpg Undistorted_SfM/0015/images/2761598551_113e875434_o.jpg 0 0 2085.31 0.0 800.0 0.0 2085.82 594.5 0.0 0.0 1.0 4416.62 0.0 800.0 0.0 4418.45 599.5 0.0 0.0 1.0 0.9998855472316068 0.010521919765277981 -0.010871138017892126 -0.2874910399376456 -0.008948876842460863 0.990697311962278 0.1357893724632936 -0.22895301358701792 0.012198772094332877 -0.13567654651843722 0.9906780832764099 -0.7090495566817772 0.0 0.0 0.0 1.0
Undistorted_SfM/0015/images/4171014767_0fe879b783_o.jpg Undistorted_SfM/0015/images/2761597789_e2faa6e53b_o.jpg 0 0 1144.51 0.0 528.0 0.0 1144.51 390.0 0.0 0.0 1.0 2365.72 0.0 800.0 0.0 2364.92 595.0 0.0 0.0 1.0 0.9987087447312464 -0.029930393101168316 -0.041048931364242786 0.5491275869318875 0.030425249753478083 0.9994710724860765 0.011483877436255096 -0.42655002754785953 0.04068350248903432 -0.012717972807880435 0.9990911398830846 -1.8549003958361425 0.0 0.0 0.0 1.0
Undistorted_SfM/0015/images/3480270595_61e9118a00_o.jpg Undistorted_SfM/0015/images/3603252064_1732668687_o.jpg 0 0 1611.93 0.0 780.5 0.0 1611.93 585.0 0.0 0.0 1.0 1343.91 0.0 800.0 0.0 1344.34 593.0 0.0 0.0 1.0 0.9717579698769414 -0.005453285714154049 0.23591674305899757 -3.020728289500364 -0.03152793629371776 0.9877698017482034 0.15269842169247863 -2.290338752919339 -0.23386414264205743 -0.1558238763130817 0.9597012464079957 -6.810809600424656 0.0 0.0 0.0 1.0
Undistorted_SfM/0015/images/2376290325_1f10c6d2ce_o.jpg Undistorted_SfM/0015/images/519467706_cec0e967a5_o.jpg 0 0 6271.78 0.0 798.0 0.0 6271.78 598.5 0.0 0.0 1.0 2454.26 0.0 799.5 0.0 2454.26 532.5 0.0 0.0 1.0 0.9936854127817955 -0.030834282275138097 -0.10788209981849563 1.506507242865133 0.015723522663446808 0.990278256400046 -0.1382090653189462 0.3302672187322352 0.11109487503806298 0.13564004548016675 0.9845098815158806 2.047049650729066 0.0 0.0 0.0 1.0
Undistorted_SfM/0015/images/479591780_e4fc8a42ae_o.jpg Undistorted_SfM/0015/images/301589598_39710c03a0_o.jpg 0 0 5190.8 0.0 579.0 0.0 5190.8 774.0 0.0 0.0 1.0 2026.21 0.0 763.0 0.0 2026.21 429.0 0.0 0.0 1.0 0.9497751284520984 0.07582849380883798 0.3036070567369632 -2.532862295579165 -0.037418407644122915 0.9907559421058956 -0.1303937343250715 0.7626407364488572 -0.310688056003408 0.11248423315532749 0.9438327336706858 4.026586849150534 0.0 0.0 0.0 1.0
Undistorted_SfM/0015/images/537715383_c0ecc36c2c_o.jpg Undistorted_SfM/0015/images/1799622532_323eda8feb_o.jpg 0 0 1752.27 0.0 800.0 0.0 1752.18 591.0 0.0 0.0 1.0 2770.23 0.0 800.0 0.0 2770.09 596.0 0.0 0.0 1.0 0.9088376726779875 -0.17555809989157173 -0.37840908853213323 0.9332527531806427 0.02388288418943424 0.9275399604632864 -0.3729600911445616 1.9438913138361296 0.4164657159527695 0.3299226807999511 0.847176092751513 9.218140110155723 0.0 0.0 0.0 1.0
Undistorted_SfM/0015/images/3056331888_e7f4c11bb3_o.jpg Undistorted_SfM/0015/images/3602436699_8ae57299b4_o.jpg 0 0 1572.75 0.0 800.0 0.0 1572.18 590.0 0.0 0.0 1.0 2905.29 0.0 800.0 0.0 2905.86 598.5 0.0 0.0 1.0 0.9949680153063282 0.05558873521118963 0.08335790925284677 -1.5959856172557312 -0.060782542888703946 0.9962779739880437 0.06112021781915922 -0.5789727832412324 -0.07965005334190595 -0.06587936751289329 0.9946435431543964 -2.4267064908156897 0.0 0.0 0.0 1.0
Undistorted_SfM/0015/images/2303006132_e8c635902c_o.jpg Undistorted_SfM/0015/images/144245474_d030ef9e44_o.jpg 0 0 802.094 0.0 519.5 0.0 802.094 382.0 0.0 0.0 1.0 1748.17 0.0 800.0 0.0 1748.23 592.0 0.0 0.0 1.0 0.8403455874738462 0.1628265334369554 0.5170172275873798 -5.119602345637954 -0.10184401258292275 0.9842581999619446 -0.1444423515063428 0.06067752720607045 -0.5323974931517295 0.06872638370070457 0.843699942793158 -0.07231000965284773 0.0 0.0 0.0 1.0
Undistorted_SfM/0015/images/3519412089_18daa2c071_o.jpg Undistorted_SfM/0015/images/2297788512_6d09de6efa_o.jpg 0 0 1808.57 0.0 800.0 0.0 1808.7 528.0 0.0 0.0 1.0 3983.82 0.0 780.0 0.0 3983.82 585.0 0.0 0.0 1.0 0.901329090973429 -0.05873027812817802 -0.42913473897599796 5.869911094820531 0.09917221117801579 0.9924275000993379 0.072474337366006 0.31297417350571427 0.4216286782170705 -0.10788146957455436 0.9003281880666401 1.4756052009232938 0.0 0.0 0.0 1.0
Undistorted_SfM/0015/images/3603246052_53fcdebb26_o.jpg Undistorted_SfM/0015/images/3563524378_1c6d70bee9_o.jpg 0 0 1785.57 0.0 800.0 0.0 1785.14 593.5 0.0 0.0 1.0 2417.53 0.0 521.0 0.0 2417.53 336.0 0.0 0.0 1.0 0.9635467270191126 -0.005441036836749542 -0.26748476586321207 1.0950025724150985 -0.0019715287408836185 0.9996216254838067 -0.02743572378370224 1.6863314737318338 0.26753283522808946 0.02696295575883465 0.9631714183319433 9.12001110513075 0.0 0.0 0.0 1.0
Undistorted_SfM/0015/images/3050397318_d5768ab099_o.jpg Undistorted_SfM/0015/images/149746416_ee35b4d9ae_o.jpg 0 0 3470.43 0.0 800.0 0.0 3470.23 531.0 0.0 0.0 1.0 1409.99 0.0 658.5 0.0 1409.99 473.5 0.0 0.0 1.0 0.9781403457017738 0.02075667633700465 0.20690728478682685 -1.5533639610472338 -0.0519918996621843 0.9878149284006104 0.14669188661413618 0.0342489327809371 -0.20134126869554975 -0.15424275547440805 0.9673008145885799 0.11376985210470592 0.0 0.0 0.0 1.0
Undistorted_SfM/0015/images/2350756821_98544572e1_o.jpg Undistorted_SfM/0015/images/62688997_a0cdebb0d1_o.jpg 0 0 1361.82 0.0 558.0 0.0 1361.82 363.0 0.0 0.0 1.0 2116.56 0.0 800.0 0.0 2116.9 597.0 0.0 0.0 1.0 0.9995895398173607 -0.020158274727573863 -0.020356715052416912 0.5289171057377793 0.0196600268303876 0.9995092749444541 -0.02438632085904382 -0.5493806260063876 0.020838311657763467 0.02397609768122111 0.9994953284069089 -3.2666292394714582 0.0 0.0 0.0 1.0
Undistorted_SfM/0015/images/165037599_384664d36d_o.jpg Undistorted_SfM/0015/images/3423366060_15b0096bb1_o.jpg 0 0 2671.62 0.0 800.0 0.0 2672.68 598.0 0.0 0.0 1.0 1851.37 0.0 800.0 0.0 1851.0 540.5 0.0 0.0 1.0 0.995481720336802 0.026741795149324638 0.09110993835730534 -1.6129494713509176 -0.012694848344556019 0.9883913510148802 -0.1513980781400097 0.4575056517975429 -0.09410093145548121 0.14955739243237468 0.9842650055081911 3.8815916616110613 0.0 0.0 0.0 1.0
Undistorted_SfM/0015/images/3055102674_e0f4580ae9_o.jpg Undistorted_SfM/0015/images/2152902640_9f45d3501b_o.jpg 0 0 1836.47 0.0 800.0 0.0 1836.52 594.5 0.0 0.0 1.0 2792.49 0.0 799.5 0.0 2792.49 599.5 0.0 0.0 1.0 0.9842180469902226 -0.0015490640765124816 0.17695320392476266 -1.5519770200108138 -0.014757059518530036 0.9957601606968611 0.09079609883319859 -0.8947491512793794 -0.17634359975093622 -0.09197446803025426 0.9800222610009597 -4.406602359917699 0.0 0.0 0.0 1.0
Undistorted_SfM/0015/images/2364083476_4263241831_o.jpg Undistorted_SfM/0015/images/3725011530_c0b61956ec_o.jpg 0 0 1626.36 0.0 800.0 0.0 1626.76 592.0 0.0 0.0 1.0 1819.58 0.0 800.0 0.0 1818.92 592.0 0.0 0.0 1.0 0.982345880088761 0.0591316037301477 0.17748246480410068 -3.3503226221670883 -0.04865934693899294 0.9968397422958352 -0.06279168842325558 -1.2950000579960117 -0.18063454771474027 0.05304697559591215 0.9821187191740204 -5.515273350568737 0.0 0.0 0.0 1.0
Undistorted_SfM/0015/images/4043252998_b660b7dffa_o.jpg Undistorted_SfM/0015/images/2993494960_fbb5616487_o.jpg 0 0 6399.65 0.0 527.0 0.0 6399.65 787.5 0.0 0.0 1.0 2773.3 0.0 800.0 0.0 2772.69 591.5 0.0 0.0 1.0 0.9903635403754941 0.020601299619784057 0.13695124807351017 -0.1618294688191524 -0.003413712450813163 0.992205059082109 -0.12456912658910353 0.0062957959477484005 -0.13845000708638255 0.12290120904956478 0.9827140420040488 0.06560441476820578 0.0 0.0 0.0 1.0
Undistorted_SfM/0015/images/275604789_5295436922_o.jpg Undistorted_SfM/0015/images/2493137906_10a2f6b1b6_o.jpg 0 0 3454.49 0.0 800.0 0.0 3455.57 532.5 0.0 0.0 1.0 1809.13 0.0 800.0 0.0 1808.95 587.5 0.0 0.0 1.0 0.9991762513429038 -0.01392069699865474 -0.03811866927654191 0.1734851794195148 0.007346857021477449 0.985853247500316 -0.1674496882200345 0.5270214674851939 0.039910430268899656 0.16703169935120826 0.9851434255820821 3.1885413145602044 0.0 0.0 0.0 1.0
Undistorted_SfM/0015/images/3770146972_179b71042b_o.jpg Undistorted_SfM/0015/images/2438726530_a256dcf5bc_o.jpg 0 0 1528.59 0.0 800.0 0.0 1528.03 594.5 0.0 0.0 1.0 1659.63 0.0 800.0 0.0 1660.02 590.5 0.0 0.0 1.0 0.8730588892975193 0.10858201041111369 0.47537156292069377 -2.553368835510567 -0.07580117143019656 0.9932621720414584 -0.0876609377162614 1.3653784923166405 -0.48168699196510617 0.04049943958334622 0.8754070122891654 7.480558566604873 0.0 0.0 0.0 1.0
Undistorted_SfM/0015/images/2959742731_9662970b15_o.jpg Undistorted_SfM/0015/images/3877294130_8f0a096dbd_o.jpg 0 0 1560.61 0.0 800.0 0.0 1561.27 590.0 0.0 0.0 1.0 1592.89 0.0 800.0 0.0 1593.03 592.5 0.0 0.0 1.0 0.996562540850734 -0.03350858856062211 -0.07576461354620313 2.751845192529166 0.03626366947806944 0.9987191412237183 0.03528488669875359 -1.755963716265878 0.07448522302521408 -0.037911099245913085 0.996501229354411 -7.210426639572416 0.0 0.0 0.0 1.0
Undistorted_SfM/0015/images/2791594059_6477917e8c_o.jpg Undistorted_SfM/0015/images/312805622_a59767daaa_o.jpg 0 0 1572.82 0.0 800.0 0.0 1572.59 588.5 0.0 0.0 1.0 2510.83 0.0 777.0 0.0 2510.83 518.0 0.0 0.0 1.0 0.9881352891768332 0.06646792440822452 0.1384581716919556 0.26477443825190283 -0.07509445674365972 0.9954861234091361 0.05803620134213669 -0.5650032232075498 -0.13397564274819168 -0.06774505978086488 0.9886663411007256 -2.3431567775632884 0.0 0.0 0.0 1.0
Undistorted_SfM/0015/images/2419867400_bf98421d6c_o.jpg Undistorted_SfM/0015/images/3206255109_c13eacc5ee_o.jpg 0 0 3214.37 0.0 800.0 0.0 3215.0 598.5 0.0 0.0 1.0 1269.53 0.0 800.0 0.0 1270.05 518.0 0.0 0.0 1.0 0.995848153490658 0.06149919829909914 0.06711411027358466 0.08792779800208983 -0.059873656097009065 0.9978680555731513 -0.025970925517499906 -0.04185070412194819 -0.06856821781863578 0.021844731063268282 0.997407242419038 -0.029790020695611985 0.0 0.0 0.0 1.0
Undistorted_SfM/0015/images/2303006132_e8c635902c_o.jpg Undistorted_SfM/0015/images/2493137906_10a2f6b1b6_o.jpg 0 0 802.094 0.0 519.5 0.0 802.094 382.0 0.0 0.0 1.0 1809.13 0.0 800.0 0.0 1808.95 587.5 0.0 0.0 1.0 0.9198546361936595 0.09836741773103598 0.37972529465649063 -1.4166848739995102 -0.05206413071277357 0.9900984329072277 -0.1303626459066222 -0.4089190795142142 -0.3887888560210464 0.10014461684773684 0.9158680478924169 -2.098736679954183 0.0 0.0 0.0 1.0
Undistorted_SfM/0015/images/167170580_ecc2828144_o.jpg Undistorted_SfM/0015/images/350642315_bb81f82119_o.jpg 0 0 4802.91 0.0 800.0 0.0 4801.87 598.5 0.0 0.0 1.0 3936.89 0.0 800.0 0.0 3937.43 596.5 0.0 0.0 1.0 0.9096289579002603 0.27103380301820973 0.3148266770316213 -0.06991720394287171 -0.1796723365201858 0.9399789440029434 -0.2900990112366618 0.5935780749770281 -0.37455708568743384 0.20731681661794338 0.903729343945818 2.0357282093677584 0.0 0.0 0.0 1.0
Undistorted_SfM/0015/images/3538480162_734b651167_o.jpg Undistorted_SfM/0015/images/570188204_952af377b3_o.jpg 0 0 4187.72 0.0 519.0 0.0 4187.72 776.0 0.0 0.0 1.0 4768.75 0.0 598.0 0.0 4768.75 797.5 0.0 0.0 1.0 0.835572451449361 0.23961051447482315 0.4943738258969786 -2.7673614079850726 -0.04181030011062768 0.9250006290617282 -0.37765822517200176 1.3701510450102217 -0.5477869815754705 0.2948908909893924 0.7829232307371634 10.306843420719224 0.0 0.0 0.0 1.0
Undistorted_SfM/0015/images/2297364097_cf9cff1291_o.jpg Undistorted_SfM/0015/images/2493140292_11ed1a4a7b_o.jpg 0 0 1764.34 0.0 644.0 0.0 1764.34 472.0 0.0 0.0 1.0 1512.72 0.0 668.5 0.0 1512.72 491.0 0.0 0.0 1.0 0.8852340450444822 0.08921650182409019 0.45650969463578056 -1.2954196592890632 -0.08564789821418711 0.9959163053626254 -0.028550836140997207 1.4988986538853506 -0.45719265416853955 -0.013824923693458068 0.889260225389168 6.287006399213337 0.0 0.0 0.0 1.0
Undistorted_SfM/0015/images/2535770779_79e5005338_o.jpg Undistorted_SfM/0015/images/3013143177_54466d4f81_o.jpg 0 0 3770.33 0.0 787.5 0.0 3770.33 523.5 0.0 0.0 1.0 1930.36 0.0 800.0 0.0 1929.98 594.0 0.0 0.0 1.0 0.9572366525382298 0.045168609724889994 0.2857582680044874 0.5903993264119967 -0.05179314564632017 0.9985349955884096 0.015663098330581222 0.5085406839366122 -0.28463215050563595 -0.029793611408739325 0.9581737210014485 1.970203353079916 0.0 0.0 0.0 1.0
Undistorted_SfM/0015/images/3016357975_e207c12959_o.jpg Undistorted_SfM/0015/images/2248320068_7553a48263_o.jpg 0 0 3489.6 0.0 800.0 0.0 3488.52 534.0 0.0 0.0 1.0 1579.21 0.0 800.0 0.0 1579.09 499.0 0.0 0.0 1.0 0.9960759549460373 0.0684685774620997 0.05607803383372993 -0.20859479269105208 -0.06618302725505326 0.9969378931818047 -0.0416490581115784 -0.008532751806067163 -0.058757968665512667 0.03777421128946598 0.9975573217012453 0.0628378079936116 0.0 0.0 0.0 1.0
Undistorted_SfM/0015/images/570188204_952af377b3_o.jpg Undistorted_SfM/0015/images/2492313401_4e912ecf9a_o.jpg 0 0 4768.75 0.0 598.0 0.0 4768.75 797.5 0.0 0.0 1.0 1797.23 0.0 800.0 0.0 1797.04 586.0 0.0 0.0 1.0 0.9511555947748175 -0.024695616244251904 -0.30772253909468505 4.344850423343914 0.02089694701758155 0.9996593886789923 -0.01563407276713623 -0.4885694696742571 0.3080038183755321 0.008439974186000948 0.9513476833954201 -3.269643780018517 0.0 0.0 0.0 1.0
Undistorted_SfM/0015/images/479591780_e4fc8a42ae_o.jpg Undistorted_SfM/0015/images/3724201875_22dba7955f_o.jpg 0 0 5190.8 0.0 579.0 0.0 5190.8 774.0 0.0 0.0 1.0 1782.44 0.0 800.0 0.0 1782.6 592.5 0.0 0.0 1.0 0.9006038007652168 0.12010475401307125 0.4177171795733385 -4.112929776887534 -0.014984506827701298 0.9690709884818034 -0.2463267826242837 0.3525687542540178 -0.4343826177488869 0.21558355073233254 0.8745487259445661 4.562895017776487 0.0 0.0 0.0 1.0
Undistorted_SfM/0015/images/3747061904_49a960dc8c_o.jpg Undistorted_SfM/0015/images/1105376832_6f92693a76_o.jpg 0 0 5782.31 0.0 543.0 0.0 5782.31 799.5 0.0 0.0 1.0 2581.6 0.0 507.0 0.0 2581.6 299.5 0.0 0.0 1.0 0.9997782894028848 -0.00108364044992314 -0.021028498805614103 0.41249322192153226 0.0008406052264394863 0.9999327950179131 -0.01156282104495155 0.27609586060223235 0.021039615526328072 0.011542580778993276 0.9997120102346804 0.9539912916073305 0.0 0.0 0.0 1.0
Undistorted_SfM/0015/images/1349576135_91cfa7d80a_o.jpg Undistorted_SfM/0015/images/2960579238_7ba551628b_o.jpg 0 0 1610.16 0.0 800.0 0.0 1610.71 591.0 0.0 0.0 1.0 3537.33 0.0 794.5 0.0 3537.33 596.0 0.0 0.0 1.0 0.9856951682462494 0.037747523678671846 0.1642563842050814 -2.177878881669262 -0.053430968357534386 0.9943119187917047 0.09213544252422552 -0.574053002081937 -0.1598441957544138 -0.09959383818734363 0.9821053408258906 -2.0507602621513183 0.0 0.0 0.0 1.0
Undistorted_SfM/0015/images/3016357975_e207c12959_o.jpg Undistorted_SfM/0015/images/3658689893_7a410fce78_o.jpg 0 0 3489.6 0.0 800.0 0.0 3488.52 534.0 0.0 0.0 1.0 2232.41 0.0 792.5 0.0 2232.41 511.5 0.0 0.0 1.0 0.9296992789468284 0.13396462998737046 0.3430928863122857 -3.338590304355723 -0.09242469189872769 0.9865577809003924 -0.13476431750399945 0.6909712536464396 -0.3565346084928828 0.09358003450117156 0.9295836971943875 4.566894351377569 0.0 0.0 0.0 1.0
Undistorted_SfM/0015/images/2280790271_f2dcffcebc_o.jpg Undistorted_SfM/0015/images/2416783016_245686617a_o.jpg 0 0 1123.97 0.0 525.5 0.0 1123.97 389.0 0.0 0.0 1.0 3067.28 0.0 800.0 0.0 3066.62 598.5 0.0 0.0 1.0 0.9951616143610573 -0.019632073608146575 -0.09627015626942238 1.4746580693456308 0.0304964754688312 0.99315918182342 0.11271559139628197 0.8159141758828024 0.09339874884747477 -0.1151061303566362 0.9889526037520948 4.00048080062477 0.0 0.0 0.0 1.0
Undistorted_SfM/0015/images/164684196_d172f0865b_o.jpg Undistorted_SfM/0015/images/1357054806_316d0fe26a_o.jpg 0 0 1763.07 0.0 800.0 0.0 1762.26 524.5 0.0 0.0 1.0 4833.75 0.0 795.5 0.0 4833.75 596.5 0.0 0.0 1.0 0.9998490284634647 0.008955490550241169 0.014890247468382238 -0.8125646439517513 -0.008501099848767108 0.9995045701059271 -0.030304218167222848 0.16924724739510072 -0.01515425953408529 0.03017305961234106 0.9994298048845666 0.7557943159062774 0.0 0.0 0.0 1.0
Undistorted_SfM/0015/images/3815715145_80fa679644_o.jpg Undistorted_SfM/0015/images/3334480814_7aa9549809_o.jpg 0 0 2391.6 0.0 800.0 0.0 2390.83 531.0 0.0 0.0 1.0 4477.54 0.0 640.5 0.0 4477.54 428.0 0.0 0.0 1.0 0.9827684148558209 -0.04426013205673467 -0.17946387790331986 1.017507713934348 0.04881515303629375 0.9985861395974024 0.021042876181753045 -0.459549713084047 0.17827878055399782 -0.029440830733486172 0.9835394826288885 -1.4672667165619555 0.0 0.0 0.0 1.0
Undistorted_SfM/0015/images/3282123316_5b425db7a5_o.jpg Undistorted_SfM/0015/images/399364960_845892e7d7_o.jpg 0 0 1544.87 0.0 800.0 0.0 1544.45 587.5 0.0 0.0 1.0 1553.33 0.0 800.0 0.0 1553.0 589.5 0.0 0.0 1.0 0.9528267415997043 -0.020421853331336604 -0.302826928127283 4.108564292721895 0.047424017737309775 0.9954965187798854 0.08208315076055817 -1.9663545759016 0.2997868626777107 -0.09257229069026271 0.9495041905975009 -6.191458408613084 0.0 0.0 0.0 1.0
Undistorted_SfM/0015/images/4142908691_3884438815_o.jpg Undistorted_SfM/0015/images/549917433_99b38abc41_o.jpg 0 0 2536.54 0.0 640.0 0.0 2536.54 479.5 0.0 0.0 1.0 1750.01 0.0 800.0 0.0 1749.62 599.5 0.0 0.0 1.0 0.9303208463244139 0.057496486330020635 0.3622116466293273 -3.5170635014384475 -0.10851142050594635 0.9865681589638143 0.12210052964066924 -3.3548446021817027 -0.35032612593697415 -0.15289676837151273 0.9240639500097058 -7.829359183555528 0.0 0.0 0.0 1.0
Undistorted_SfM/0015/images/2874255043_f436b313fb_o.jpg Undistorted_SfM/0015/images/2959742731_9662970b15_o.jpg 0 0 1946.26 0.0 800.0 0.0 1946.11 529.5 0.0 0.0 1.0 1560.61 0.0 800.0 0.0 1561.27 590.0 0.0 0.0 1.0 0.9841995522958191 -0.05263136128193583 -0.1690596967651321 -1.2057693671334166 0.04368842755785364 0.9974636941581737 -0.056191637579374724 1.5560587203513343 0.17158835204707304 0.04791783223331321 0.9840027026364453 6.617238887572194 0.0 0.0 0.0 1.0
Undistorted_SfM/0015/images/2350756821_98544572e1_o.jpg Undistorted_SfM/0015/images/2281580918_37005d12b0_o.jpg 0 0 1361.82 0.0 558.0 0.0 1361.82 363.0 0.0 0.0 1.0 2577.87 0.0 508.0 0.0 2577.87 380.5 0.0 0.0 1.0 0.8712624046254868 -0.11123459778981971 -0.4780467409581962 1.6711803970906887 0.0903652208101487 0.9936845802773798 -0.06652128822339948 -0.22633653508819457 0.48242714388200514 0.014758698232044842 0.8758117558427425 -1.5319975988547214 0.0 0.0 0.0 1.0
Undistorted_SfM/0015/images/3747557738_1fe5e2bb12_o.jpg Undistorted_SfM/0015/images/389635223_1213f76125_o.jpg 0 0 1633.66 0.0 800.0 0.0 1633.54 589.0 0.0 0.0 1.0 1918.98 0.0 800.0 0.0 1918.6 594.0 0.0 0.0 1.0 0.940579691840476 0.02252635596744927 0.3388250383075355 -2.1903320884809077 -0.04171363293772988 0.9979050042668954 0.04945275812554666 -1.0240965577684258 -0.3370012108649041 -0.060647883276461055 0.9395488375436762 -5.048998319910309 0.0 0.0 0.0 1.0
Undistorted_SfM/0015/images/164326891_8a88269821_o.jpg Undistorted_SfM/0015/images/3852437453_ab84bf1dd8_o.jpg 0 0 2125.42 0.0 800.0 0.0 2124.8 596.0 0.0 0.0 1.0 1594.43 0.0 800.0 0.0 1594.22 528.5 0.0 0.0 1.0 0.9857849252236435 -0.05219625712581721 -0.1596985658791961 -1.712161429936721 0.042902074942532 0.9972089106722343 -0.06110483157264355 0.6813943498035646 0.1624422764167066 0.053384821981077614 0.985272839174311 4.7186711034385205 0.0 0.0 0.0 1.0
Undistorted_SfM/0015/images/2376290325_1f10c6d2ce_o.jpg Undistorted_SfM/0015/images/2377126482_267da586f5_o.jpg 0 0 6271.78 0.0 798.0 0.0 6271.78 598.5 0.0 0.0 1.0 2117.67 0.0 800.0 0.0 2116.8 594.0 0.0 0.0 1.0 0.9995403077849337 -0.02851733102281619 0.010292470283393612 2.142853863299327 0.028614255167617036 0.9995463680742831 -0.00939587519670591 0.4799760853205567 -0.010019856007045027 0.009686067357018434 0.999902886576868 1.4205194574635942 0.0 0.0 0.0 1.0
Undistorted_SfM/0015/images/2350756821_98544572e1_o.jpg Undistorted_SfM/0015/images/3827640857_c93cdfb501_o.jpg 0 0 1361.82 0.0 558.0 0.0 1361.82 363.0 0.0 0.0 1.0 2145.54 0.0 800.0 0.0 2145.45 530.5 0.0 0.0 1.0 0.9866049186743868 0.003482173877759786 0.1630907995951733 -2.1150427129854865 -0.004650262508980544 0.9999661961027747 0.006780981517783508 -0.8144979584537688 -0.16306167393383858 -0.0074485647498022745 0.9865877606057476 -3.996343444485074 0.0 0.0 0.0 1.0
Undistorted_SfM/0015/images/2303006132_e8c635902c_o.jpg Undistorted_SfM/0015/images/3819243606_7acfaf85dd_o.jpg 0 0 802.094 0.0 519.5 0.0 802.094 382.0 0.0 0.0 1.0 2233.74 0.0 785.0 0.0 2233.74 523.0 0.0 0.0 1.0 0.8174987532614514 0.1513494158860287 0.5556879904469147 -5.103188743050229 -0.06926732712305285 0.9836868899405168 -0.16601849280240247 0.06141977826391232 -0.5717497930119436 0.09722888907167099 0.8146463756260678 0.4208910643008039 0.0 0.0 0.0 1.0
Undistorted_SfM/0015/images/3206255109_c13eacc5ee_o.jpg Undistorted_SfM/0015/images/66518178_f9db888403_o.jpg 0 0 1269.53 0.0 800.0 0.0 1270.05 518.0 0.0 0.0 1.0 1697.66 0.0 800.0 0.0 1698.2 593.0 0.0 0.0 1.0 0.9936502004159986 0.0029351617784827643 0.11247517076483927 0.6588659007297544 0.010803878517274362 0.9925512952120135 -0.12134744571658199 -1.0142385223322117 -0.11199355080641749 0.12179208183740417 0.9862170822792927 -4.612158235703921 0.0 0.0 0.0 1.0
Undistorted_SfM/0015/images/1017541041_394e9f81d4_o.jpg Undistorted_SfM/0015/images/3635974944_b128702f4b_o.jpg 0 0 1672.01 0.0 800.0 0.0 1671.61 597.5 0.0 0.0 1.0 1091.4 0.0 800.0 0.0 1091.84 520.5 0.0 0.0 1.0 0.9333128004958251 0.052448881871883596 0.35521307861765056 -3.570702636787041 -0.16717638284985903 0.9389823864648601 0.30060627891977487 -2.3641938429732354 -0.31777236105092166 -0.3399429256495058 0.8851324950836328 -5.233562419052437 0.0 0.0 0.0 1.0
Undistorted_SfM/0015/images/2721511811_6dbcc6d68b_o.jpg Undistorted_SfM/0015/images/167170681_0e5c42fd21_o.jpg 0 0 1576.67 0.0 645.5 0.0 1576.67 427.5 0.0 0.0 1.0 2886.49 0.0 800.0 0.0 2886.89 596.5 0.0 0.0 1.0 0.9951674379191628 -0.012359644167478739 0.09741154809088173 -0.782755067085219 0.013510863187580295 0.9998463619771606 -0.011167319148442868 -0.30268306829927766 -0.09725855788225184 0.012429466484527743 0.9951815318230006 -1.2999694622138578 0.0 0.0 0.0 1.0
Undistorted_SfM/0015/images/1357054806_316d0fe26a_o.jpg Undistorted_SfM/0015/images/3159096518_744c87899e_o.jpg 0 0 4833.75 0.0 795.5 0.0 4833.75 596.5 0.0 0.0 1.0 1740.96 0.0 659.0 0.0 1740.96 487.5 0.0 0.0 1.0 0.9533074133647673 -0.026413778483479377 -0.30084429183549777 4.59375177187877 0.012593120969216581 0.9987781704929606 -0.04778681252175266 -0.5779183904936466 0.30173894168309 0.04176695407807639 0.9524752661455355 -2.5765993513441794 0.0 0.0 0.0 1.0
Undistorted_SfM/0015/images/1283321355_191a081149_o.jpg Undistorted_SfM/0015/images/4143674022_95c98dc419_o.jpg 0 0 1429.51 0.0 663.0 0.0 1429.51 489.0 0.0 0.0 1.0 2517.3 0.0 637.5 0.0 2517.3 478.0 0.0 0.0 1.0 0.9820297970247768 0.03168658903017651 0.18604686998471395 -0.8993960266106127 -0.06476974331743679 0.9825169560169278 0.17454315079608176 -0.8734074005263339 -0.17726352728655068 -0.18345678296226334 0.9669132591287951 -2.210340068494195 0.0 0.0 0.0 1.0
Undistorted_SfM/0015/images/2376290325_1f10c6d2ce_o.jpg Undistorted_SfM/0015/images/878855662_a241416cff_o.jpg 0 0 6271.78 0.0 798.0 0.0 6271.78 598.5 0.0 0.0 1.0 2317.34 0.0 800.0 0.0 2317.57 595.5 0.0 0.0 1.0 0.9661411936145952 -0.06486845998862029 -0.249726404089896 4.451573643167878 0.025112264849867724 0.9869256793029166 -0.15920765586675384 0.32798329391662934 0.2567889564507698 0.14754587907217676 0.9551385477582522 2.5471289984352636 0.0 0.0 0.0 1.0
Undistorted_SfM/0015/images/186728502_b8b38745c0_o.jpg Undistorted_SfM/0015/images/2287525518_2e30c79380_o.jpg 0 0 1390.04 0.0 654.0 0.0 1390.04 384.5 0.0 0.0 1.0 1950.53 0.0 800.0 0.0 1950.83 593.5 0.0 0.0 1.0 0.9966007786858738 0.021004042520036015 0.07966001582052179 -0.3850513246227709 -0.026069510937328635 0.9976672162112791 0.06309125372605337 -1.5078407511211571 -0.078149014851102 -0.06495349024535388 0.9948234896617331 -4.886320312883785 0.0 0.0 0.0 1.0
Undistorted_SfM/0015/images/297924462_822756e234_o.jpg Undistorted_SfM/0015/images/2144092284_8a5198a473_o.jpg 0 0 1244.92 0.0 800.0 0.0 1244.64 519.5 0.0 0.0 1.0 1716.0 0.0 590.0 0.0 1715.28 800.0 0.0 0.0 1.0 0.697153834672723 0.31283763542125137 0.6450652251246822 -4.558761501563753 -0.0064331612773474945 0.9024645493533758 -0.43071609163854996 0.5725086334656257 -0.7168927013417672 0.29612556631342735 0.6311691562001857 9.433882214224196 0.0 0.0 0.0 1.0
Undistorted_SfM/0015/images/1653980178_739b2794ed_o.jpg Undistorted_SfM/0015/images/3333646021_9216d3ba89_o.jpg 0 0 2017.14 0.0 595.5 0.0 2016.55 800.0 0.0 0.0 1.0 4850.15 0.0 637.5 0.0 4850.15 426.5 0.0 0.0 1.0 0.9085191858187325 0.07065056142310662 0.4118268898091353 -3.207736789175301 -0.0865010873091883 0.9960519707264454 0.01995077708493403 1.453577640557376 -0.408791451590654 -0.05374913750530704 0.9110436758596372 4.9122575531717025 0.0 0.0 0.0 1.0
Undistorted_SfM/0015/images/2409395451_667a447a49_o.jpg Undistorted_SfM/0015/images/570188204_952af377b3_o.jpg 0 0 1696.88 0.0 800.0 0.0 1696.63 588.5 0.0 0.0 1.0 4768.75 0.0 598.0 0.0 4768.75 797.5 0.0 0.0 1.0 0.979650940115719 -0.03679758506482429 -0.19730679984173174 0.8256852325662143 0.009402619588322897 0.9903846717954401 -0.13802098614890165 0.48601358841110454 0.20048846918280724 0.13335718805536906 0.9705772684947345 2.8636663539378224 0.0 0.0 0.0 1.0
Undistorted_SfM/0015/images/3485283391_ffc62657fd_o.jpg Undistorted_SfM/0015/images/3827640857_c93cdfb501_o.jpg 0 0 1566.13 0.0 484.5 0.0 1566.13 652.5 0.0 0.0 1.0 2145.54 0.0 800.0 0.0 2145.45 530.5 0.0 0.0 1.0 0.9986014320206037 -0.004374267911981827 0.05268819361711239 -1.008589618145566 0.002779086304004869 0.9995366470609365 0.03031118376929431 -0.8954052267386594 -0.05279636962628214 -0.030122366480992806 0.9981508835801683 -4.605537494525616 0.0 0.0 0.0 1.0
Undistorted_SfM/0015/images/3852437453_ab84bf1dd8_o.jpg Undistorted_SfM/0015/images/3877294130_8f0a096dbd_o.jpg 0 0 1594.43 0.0 800.0 0.0 1594.22 528.5 0.0 0.0 1.0 1592.89 0.0 800.0 0.0 1593.03 592.5 0.0 0.0 1.0 0.999902346223888 -0.0028721792835334887 -0.013676571285550691 2.516144790282831 0.0043235858486596595 0.9942165032983062 0.10730727456560671 -1.7517939245942689 0.013289267149650414 -0.10735592743510933 0.9941318324161911 -7.243214729932198 0.0 0.0 0.0 1.0
Undistorted_SfM/0015/images/3414349916_afeb257c87_o.jpg Undistorted_SfM/0015/images/275602653_9b490c7eb4_o.jpg 0 0 3849.05 0.0 800.0 0.0 3849.84 599.0 0.0 0.0 1.0 1677.66 0.0 800.0 0.0 1678.02 516.5 0.0 0.0 1.0 0.9770109381962652 -0.06064756658088147 -0.20438077040825386 0.3539550513272076 0.052488570964034933 0.9976020091420936 -0.045112983428409796 0.054039524272940564 0.2066266598554197 0.03334822369296554 0.9778513790006725 0.08205942666653465 0.0 0.0 0.0 1.0
Undistorted_SfM/0015/images/186728502_b8b38745c0_o.jpg Undistorted_SfM/0015/images/552835426_08e0db9e95_o.jpg 0 0 1390.04 0.0 654.0 0.0 1390.04 384.5 0.0 0.0 1.0 1191.55 0.0 800.0 0.0 1191.17 516.5 0.0 0.0 1.0 0.9765647490588415 -0.011617285007944742 -0.21491004998530389 3.220288930574288 0.013023334047957334 0.9999020452287408 0.005127642504755499 -1.6021639422235552 0.21482942923611972 -0.007806320287141875 0.9766203856656164 -6.512757920816876 0.0 0.0 0.0 1.0
Undistorted_SfM/0015/images/1969087925_0f439b6bc7_o.jpg Undistorted_SfM/0015/images/399366437_93d93efe8f_o.jpg 0 0 6489.92 0.0 510.5 0.0 6489.92 783.5 0.0 0.0 1.0 2254.21 0.0 800.0 0.0 2254.05 596.5 0.0 0.0 1.0 0.9739728669828508 -0.10564705321581012 -0.20053816227347057 2.81590017166957 0.043117543001381424 0.9549357810857249 -0.29366397717071174 0.19773711288424578 0.2225258004518331 0.27737403293930024 0.9346367818485736 2.6256668236928316 0.0 0.0 0.0 1.0
Undistorted_SfM/0015/images/3016357975_e207c12959_o.jpg Undistorted_SfM/0015/images/2218790327_ac17c020ef_o.jpg 0 0 3489.6 0.0 800.0 0.0 3488.52 534.0 0.0 0.0 1.0 2114.38 0.0 800.0 0.0 2114.37 533.0 0.0 0.0 1.0 0.9357080770566555 0.13211635685924222 0.3271019149763236 -3.9617439139678026 -0.08313936192412477 0.9836932608715722 -0.15948484258606738 0.6725133940191412 -0.34283850575713637 0.12203621088060165 0.9314337991527468 5.335905110325209 0.0 0.0 0.0 1.0
Undistorted_SfM/0015/images/513784629_a73e267b94_o.jpg Undistorted_SfM/0015/images/266892564_fa69a66137_o.jpg 0 0 2014.57 0.0 648.5 0.0 2014.57 483.0 0.0 0.0 1.0 3680.22 0.0 795.0 0.0 3680.22 596.0 0.0 0.0 1.0 0.9978032792882405 0.0029143994630476612 0.06618249101841901 0.2848984558857448 -0.009805005054272856 0.9945257380958893 0.10403085186958763 -0.3656832497097653 -0.06551700327028864 -0.10445124480156365 0.9923696185101016 -1.2806862599857705 0.0 0.0 0.0 1.0
Undistorted_SfM/0015/images/2812251450_919bb5b0ac_o.jpg Undistorted_SfM/0015/images/2416783016_245686617a_o.jpg 0 0 1295.85 0.0 800.0 0.0 1295.66 522.0 0.0 0.0 1.0 3067.28 0.0 800.0 0.0 3066.62 598.5 0.0 0.0 1.0 0.9881804616494635 -0.02324842732367043 -0.15152189888339374 1.8592101007752908 0.02110701548047836 0.9996535335117037 -0.01572599233982318 0.65549852361966 0.1518350062131926 0.01234194330489904 0.9883287951505301 3.429288003192976 0.0 0.0 0.0 1.0
Undistorted_SfM/0015/images/2416022433_ec37763a52_o.jpg Undistorted_SfM/0015/images/164326891_8a88269821_o.jpg 0 0 4102.72 0.0 800.0 0.0 4103.56 599.0 0.0 0.0 1.0 2125.42 0.0 800.0 0.0 2124.8 596.0 0.0 0.0 1.0 0.9906987883375219 -0.03148745427518532 -0.13237994942525888 -0.6871722139738465 -0.0008799492696006881 0.9713556530609715 -0.23762874606363743 0.48197003738734107 0.13607033650229913 0.2355349984392167 0.9622931611699156 2.729964445194349 0.0 0.0 0.0 1.0
Undistorted_SfM/0015/images/2184087582_a168e15dfd_o.jpg Undistorted_SfM/0015/images/2073853679_f35bb29c49_o.jpg 0 0 1329.81 0.0 655.5 0.0 1329.81 486.0 0.0 0.0 1.0 1717.85 0.0 800.0 0.0 1717.59 588.5 0.0 0.0 1.0 0.9035937913562916 -0.10207847590248367 -0.41605077211776464 4.423074578156228 0.11012134217686381 0.9939070819566466 -0.004690675174209487 -0.8911943208453587 0.41399462583411406 -0.04157760447464404 0.9093292872148248 -3.9094780347704905 0.0 0.0 0.0 1.0
Undistorted_SfM/0015/images/3323430963_ed57f87dcb_o.jpg Undistorted_SfM/0015/images/2761598551_113e875434_o.jpg 0 0 1781.48 0.0 800.0 0.0 1780.82 594.5 0.0 0.0 1.0 4416.62 0.0 800.0 0.0 4418.45 599.5 0.0 0.0 1.0 0.9939452869685769 -0.02504646090839119 -0.10698336930998888 -1.099148839900445 0.03701704465930201 0.9930841778350236 0.11141613051271634 -0.18474930691895808 0.10345291159578003 -0.11470174597494086 0.987998484084189 -0.5155043059331306 0.0 0.0 0.0 1.0
Undistorted_SfM/0015/images/2390642358_6f35ba023d_o.jpg Undistorted_SfM/0015/images/66518178_f9db888403_o.jpg 0 0 5258.74 0.0 800.0 0.0 5257.09 532.5 0.0 0.0 1.0 1697.66 0.0 800.0 0.0 1698.2 593.0 0.0 0.0 1.0 0.8243928643975631 0.1671494815629793 0.5407748662277199 -3.7052188929079164 -0.05617578396283012 0.9748469038347021 -0.21567984463100984 0.33108026126857204 -0.5632234782273751 0.14742647285044286 0.8130465845671669 2.170584508247338 0.0 0.0 0.0 1.0
Undistorted_SfM/0015/images/165047710_fe88e8d60c_o.jpg Undistorted_SfM/0015/images/2430863753_ac9b10bcd4_o.jpg 0 0 11750.4 0.0 598.5 0.0 11750.4 798.5 0.0 0.0 1.0 3864.17 0.0 528.5 0.0 3864.17 793.0 0.0 0.0 1.0 0.9799464799798147 0.03134127277436759 0.19678064182244273 -1.0648008671466371 -0.016734413865741884 0.9970085453728876 -0.07545806680540341 0.32056406970531914 -0.1985569333157114 0.07065185825101353 0.9775394923776418 1.3338059931373398 0.0 0.0 0.0 1.0
Undistorted_SfM/0015/images/3480265591_02fd1d7f7e_o.jpg Undistorted_SfM/0015/images/312805622_a59767daaa_o.jpg 0 0 1611.88 0.0 778.0 0.0 1611.88 583.5 0.0 0.0 1.0 2510.83 0.0 777.0 0.0 2510.83 518.0 0.0 0.0 1.0 0.9124125583606196 0.006733377658079523 -0.40921630584709406 5.438326685710036 0.055239099685350276 0.9886896422037705 0.13943254019393184 -0.9666166946278958 0.4055267749628632 -0.14982474102862373 0.9017209001481141 -2.9340198062092306 0.0 0.0 0.0 1.0
Undistorted_SfM/0015/images/399368130_935ba46449_o.jpg Undistorted_SfM/0015/images/310568830_48c3add89d_o.jpg 0 0 2246.49 0.0 800.0 0.0 2245.83 596.0 0.0 0.0 1.0 1660.63 0.0 800.0 0.0 1660.3 594.0 0.0 0.0 1.0 0.967639845624704 0.013802981493937 0.25195754972073753 0.10464199234371319 -0.008482594498025025 0.9997177803801505 -0.022190204649068665 -1.547060302645849 -0.252192733340955 0.019334872476008468 0.9674838437701972 -8.60557645013285 0.0 0.0 0.0 1.0
Undistorted_SfM/0015/images/1418151182_773fd15089_o.jpg Undistorted_SfM/0015/images/3018384583_98264ff1fd_o.jpg 0 0 3815.42 0.0 791.5 0.0 3815.42 593.5 0.0 0.0 1.0 7591.5 0.0 797.5 0.0 7591.5 598.0 0.0 0.0 1.0 0.9963316219569286 -0.0037819988859859595 0.0854926638554501 -1.6464318672896103 -0.007786747474600348 0.990872045559044 0.13458066686341805 -0.9041583498056545 -0.08522127464689429 -0.1347526838844478 0.9872077028333478 -3.36019289370718 0.0 0.0 0.0 1.0
Undistorted_SfM/0015/images/2144101292_2e7ddae58e_o.jpg Undistorted_SfM/0015/images/160045183_bfea1204a5_o.jpg 0 0 1731.94 0.0 589.5 0.0 1731.64 800.0 0.0 0.0 1.0 1632.27 0.0 655.0 0.0 1632.27 428.5 0.0 0.0 1.0 0.9989250951309538 0.01576592890348603 0.04359001953916603 -1.1722318682848303 -0.018303011970986972 0.9981236718893992 0.05843060299888069 1.1263761965165497 -0.04258701762749486 -0.05916562430865682 0.9973393478800293 6.244701392165723 0.0 0.0 0.0 1.0
Undistorted_SfM/0015/images/2419051977_2fb8a8981c_o.jpg Undistorted_SfM/0015/images/2716302833_0a139d7c78_o.jpg 0 0 1619.16 0.0 800.0 0.0 1619.3 592.5 0.0 0.0 1.0 3656.99 0.0 800.0 0.0 3655.21 448.5 0.0 0.0 1.0 0.9985325878940111 0.019789301633847577 -0.05040887277587148 0.004996146461607509 -0.022782854996825277 0.9979670706557816 -0.05952031086034381 -0.11588251826231644 0.04912852971424067 0.060581428074641286 0.9969534984845354 -0.3436035719423936 0.0 0.0 0.0 1.0
Undistorted_SfM/0015/images/1948510225_f88f292e3f_o.jpg Undistorted_SfM/0015/images/262596264_0cb3e46c00_o.jpg 0 0 4627.52 0.0 780.5 0.0 4627.52 584.0 0.0 0.0 1.0 2135.41 0.0 800.0 0.0 2135.16 590.5 0.0 0.0 1.0 0.9682833942786849 -0.09578086523854827 -0.23076675284430218 4.023656876251621 0.05591207008855379 0.9832459090925548 -0.17349732756203584 0.6875079588874623 0.24351818983920037 0.15509193437091034 0.9574159927171303 4.545117398256551 0.0 0.0 0.0 1.0
Undistorted_SfM/0015/images/267072932_723f4483c0_o.jpg Undistorted_SfM/0015/images/2578467387_f0be7e2be1_o.jpg 0 0 4618.41 0.0 800.0 0.0 4620.29 598.5 0.0 0.0 1.0 2067.13 0.0 778.5 0.0 2067.13 518.0 0.0 0.0 1.0 0.98202668370898 0.043614236658404665 0.18363384994125137 0.2981933585721417 -0.023056638675343157 0.9933693736814684 -0.11263071892109319 -0.05055503997515989 -0.18732854533288837 0.10637239205918168 0.9765208294302126 -0.14428887179580907 0.0 0.0 0.0 1.0
Undistorted_SfM/0015/images/1283321355_191a081149_o.jpg Undistorted_SfM/0015/images/2431823248_3776ed43ec_o.jpg 0 0 1429.51 0.0 663.0 0.0 1429.51 489.0 0.0 0.0 1.0 1269.12 0.0 800.0 0.0 1268.85 521.5 0.0 0.0 1.0 0.978017127731183 0.03494306838131275 0.2055759709609716 -1.6966588388910648 -0.0741092721474824 0.9797437328001743 0.18603772149903125 -1.607829580629856 -0.1949110403394782 -0.1971831636090657 0.960795756830193 -4.025897997691133 0.0 0.0 0.0 1.0
Undistorted_SfM/0015/images/479591780_e4fc8a42ae_o.jpg Undistorted_SfM/0015/images/205993922_4ad25ed386_o.jpg 0 0 5190.8 0.0 579.0 0.0 5190.8 774.0 0.0 0.0 1.0 2161.1 0.0 635.5 0.0 2161.1 476.5 0.0 0.0 1.0 0.9772623679103359 -0.046648738197296404 -0.20683848648373665 1.4691709644341082 0.027587039710032044 0.9951801742441619 -0.09410300755765666 0.14589933527754728 0.21023134758241918 0.08625726645309004 0.9738390341723423 0.7468395253332709 0.0 0.0 0.0 1.0
Undistorted_SfM/0015/images/91859233_136e683590_o.jpg Undistorted_SfM/0015/images/2438726530_a256dcf5bc_o.jpg 0 0 1660.12 0.0 800.0 0.0 1660.27 592.5 0.0 0.0 1.0 1659.63 0.0 800.0 0.0 1660.02 590.5 0.0 0.0 1.0 0.9855914341615883 -0.02053089758304611 -0.1678928442541204 1.7942872093965443 0.004861750895633278 0.9956344469331322 -0.09321164872688872 1.2506946100642928 0.16907361794654038 0.09105234936337762 0.9813885985632183 6.723043250497727 0.0 0.0 0.0 1.0
Undistorted_SfM/0015/images/2441106114_fb6683563e_o.jpg Undistorted_SfM/0015/images/3016333021_fa27e3dd22_o.jpg 0 0 5311.04 0.0 800.0 0.0 5310.99 532.0 0.0 0.0 1.0 2221.07 0.0 800.0 0.0 2220.39 533.5 0.0 0.0 1.0 0.9993782160088127 0.012760559483480564 0.03286867032164922 1.4222245350795337 -0.010165108264118681 0.9969050519409824 -0.07795503824978811 0.22704906217366527 -0.03376169339685822 0.07757245346265494 0.996414904807612 1.0744617923383888 0.0 0.0 0.0 1.0
Undistorted_SfM/0015/images/165037599_384664d36d_o.jpg Undistorted_SfM/0015/images/3055102674_e0f4580ae9_o.jpg 0 0 2671.62 0.0 800.0 0.0 2672.68 598.0 0.0 0.0 1.0 1836.47 0.0 800.0 0.0 1836.52 594.5 0.0 0.0 1.0 0.9572196654549359 0.07785433640424115 0.27869197040710636 -1.0462230867567501 -0.03327522589414295 0.9863518895686831 -0.16125355588631757 0.609974592744833 -0.2874426402050224 0.14508153654873956 0.9467460463844689 5.442927202692999 0.0 0.0 0.0 1.0
Undistorted_SfM/0015/images/2364083476_4263241831_o.jpg Undistorted_SfM/0015/images/4143668500_4d10ec3fc6_o.jpg 0 0 1626.36 0.0 800.0 0.0 1626.76 592.0 0.0 0.0 1.0 3912.72 0.0 634.5 0.0 3912.72 475.5 0.0 0.0 1.0 0.9961433434974982 0.005394067496607124 0.08757478656249869 -2.7548390705732886 -0.00046725143216184403 0.9984204532346289 -0.05618167173426876 0.21485137465064205 -0.0877395058210627 0.05592407888021082 0.9945724088871938 0.9005073171183663 0.0 0.0 0.0 1.0
Undistorted_SfM/0015/images/1105376832_6f92693a76_o.jpg Undistorted_SfM/0015/images/3098177275_849e470188_o.jpg 0 0 2581.6 0.0 507.0 0.0 2581.6 299.5 0.0 0.0 1.0 3945.41 0.0 799.5 0.0 3945.41 599.5 0.0 0.0 1.0 0.9569446850678197 -0.07235187949733014 -0.281108653822068 5.7158860597772865 0.06442420652167982 0.9972232395039892 -0.037354145783584584 0.29560829658968235 0.28303072507150767 0.01763564930398557 0.9589486912964237 1.549318532329755 0.0 0.0 0.0 1.0
Undistorted_SfM/0015/images/3511130064_16059fefec_o.jpg Undistorted_SfM/0015/images/186728502_b8b38745c0_o.jpg 0 0 2221.32 0.0 595.5 0.0 2221.57 800.0 0.0 0.0 1.0 1390.04 0.0 654.0 0.0 1390.04 384.5 0.0 0.0 1.0 0.9761738407339782 -0.03183244200551495 -0.21464232644713907 2.161449076200247 0.01504159835714252 0.9967284245360305 -0.07941157372061718 0.311741867995397 0.21646797219343347 0.07429093725272391 0.9734590251554379 1.3128009378225143 0.0 0.0 0.0 1.0
Undistorted_SfM/0015/images/2545457458_f99a0dccd6_o.jpg Undistorted_SfM/0015/images/2761597789_e2faa6e53b_o.jpg 0 0 5554.49 0.0 417.5 0.0 5554.49 628.0 0.0 0.0 1.0 2365.72 0.0 800.0 0.0 2364.92 595.0 0.0 0.0 1.0 0.978463791799996 0.03330829154208904 0.20371344052595333 -3.284385708115124 -0.024873651469737648 0.9987294715995602 -0.04382629371765087 -0.8464511513522142 -0.20491439578257048 0.0378153444121693 0.9780491245985823 -3.447505126309252 0.0 0.0 0.0 1.0
Undistorted_SfM/0015/images/469030960_254e7b5fe2_o.jpg Undistorted_SfM/0015/images/2709820376_ae3debf8b1_o.jpg 0 0 3763.96 0.0 421.5 0.0 3763.96 630.0 0.0 0.0 1.0 1380.97 0.0 537.0 0.0 1380.97 401.0 0.0 0.0 1.0 0.9059814957424701 -0.03630660634719229 -0.4217574655033229 4.9446368004784125 0.012916810739017761 0.9982222902045801 -0.05818432210703658 -0.5795401433879687 0.4231201784039247 0.047266157811620475 0.9048398891257822 -1.9129940633624798 0.0 0.0 0.0 1.0
Undistorted_SfM/0015/images/3876484797_d1bed04c34_o.jpg Undistorted_SfM/0015/images/1949239530_e4b06e6181_o.jpg 0 0 1598.38 0.0 800.0 0.0 1598.18 592.5 0.0 0.0 1.0 3200.17 0.0 786.0 0.0 3200.17 588.0 0.0 0.0 1.0 0.9904019823636712 0.017291587507437596 0.137131011560415 1.5148209528147656 -0.012485676682215613 0.9992799281313406 -0.0358292214764726 -0.30000166323619853 -0.13765181149515335 0.033773158503396884 0.9899047189284467 -1.4898699933423698 0.0 0.0 0.0 1.0
Undistorted_SfM/0015/images/2184087582_a168e15dfd_o.jpg Undistorted_SfM/0015/images/3752206429_d18226a19f_o.jpg 0 0 1329.81 0.0 655.5 0.0 1329.81 486.0 0.0 0.0 1.0 3097.28 0.0 794.5 0.0 3097.28 529.0 0.0 0.0 1.0 0.9761558577944391 -0.09305289167171948 -0.19611450901229288 -0.056260803120048664 0.09683042822372973 0.9952532222096853 0.009741244851039865 0.26001174028294705 0.1942771460146832 -0.02849882511209941 0.9805326141968038 0.9849188917603365 0.0 0.0 0.0 1.0
Undistorted_SfM/0015/images/1948510225_f88f292e3f_o.jpg Undistorted_SfM/0015/images/2269406411_a502b85cc5_o.jpg 0 0 4627.52 0.0 780.5 0.0 4627.52 584.0 0.0 0.0 1.0 2534.76 0.0 800.0 0.0 2534.14 597.5 0.0 0.0 1.0 0.9958211660427951 -0.011015538561495904 0.09065794599133367 -0.32564370003337384 0.02191903608570689 0.9925112854557313 -0.12017031289002171 0.4454504768567258 -0.0886552937970478 0.12165527589550902 0.9886051955803926 2.1877893687105483 0.0 0.0 0.0 1.0
Undistorted_SfM/0015/images/3296909541_28e82c394b_o.jpg Undistorted_SfM/0015/images/2248320068_7553a48263_o.jpg 0 0 931.478 0.0 526.5 0.0 931.478 345.0 0.0 0.0 1.0 1579.21 0.0 800.0 0.0 1579.09 499.0 0.0 0.0 1.0 0.9827038447616928 -0.03774534146029019 -0.18129656005736405 2.603426593313537 0.041193926493087375 0.9990341277397903 0.015292875180249913 -1.0791104844063333 0.1805442159435451 -0.022496684405544944 0.9833095571996073 -4.269942739843659 0.0 0.0 0.0 1.0
Undistorted_SfM/0015/images/479591780_e4fc8a42ae_o.jpg Undistorted_SfM/0015/images/2609404743_a9e564f088_o.jpg 0 0 5190.8 0.0 579.0 0.0 5190.8 774.0 0.0 0.0 1.0 2218.66 0.0 800.0 0.0 2218.99 528.0 0.0 0.0 1.0 0.9319215995041297 0.09988587092980424 0.3486329662643216 -2.8150214985049375 -0.018670267803496284 0.9732615926562084 -0.22893949716125053 0.3721617820931755 -0.36217889706305484 0.2068445915389017 0.9088683961241554 4.012956397935326 0.0 0.0 0.0 1.0
Undistorted_SfM/0015/images/3116080871_8b1a976270_o.jpg Undistorted_SfM/0015/images/897738229_3e059f9539_o.jpg 0 0 1732.59 0.0 800.0 0.0 1732.36 528.5 0.0 0.0 1.0 1741.06 0.0 800.0 0.0 1740.53 592.5 0.0 0.0 1.0 0.9842801467338981 -0.001013935665398774 -0.1766113379145331 1.6647326825007434 0.0640519004962437 0.9339533315180475 0.3516084876523305 -2.4621053360528355 0.16459023904325018 -0.35739354566193016 0.9193366666955467 -4.085342832382486 0.0 0.0 0.0 1.0
Undistorted_SfM/0015/images/1357054806_316d0fe26a_o.jpg Undistorted_SfM/0015/images/513784629_a73e267b94_o.jpg 0 0 4833.75 0.0 795.5 0.0 4833.75 596.5 0.0 0.0 1.0 2014.57 0.0 648.5 0.0 2014.57 483.0 0.0 0.0 1.0 0.987695114673108 0.023758550036724137 0.15457649158597403 -2.4498903079277827 -0.01449707056366191 0.9980465758556297 -0.06076896714544994 -0.14489860575632374 -0.1557183206817631 0.057780305667286376 0.9861101565652017 -0.7185125238745136 0.0 0.0 0.0 1.0
Undistorted_SfM/0022/images/2941542538_0f61a1959c_o.jpg Undistorted_SfM/0022/images/1776131727_4e23408660_o.jpg 0 0 2919.38 0.0 640.0 0.0 2919.83 425.0 0.0 0.0 1.0 1345.31 0.0 640.0 0.0 1345.88 473.5 0.0 0.0 1.0 0.9551666389781778 -0.15437370833380745 -0.2526369924583491 1.1820484316060942 0.05769254554085417 0.9339960489971403 -0.35259459815310235 0.17790535986158806 0.2903932884419815 0.3222113260470523 0.9010280791378548 0.3279507227242515 0.0 0.0 0.0 1.0
Undistorted_SfM/0022/images/2675714713_c4e4746967_o.jpg Undistorted_SfM/0022/images/3722427422_de83a590d7_o.jpg 0 0 1409.68 0.0 640.0 0.0 1409.43 473.5 0.0 0.0 1.0 4765.3 0.0 640.0 0.0 4764.31 480.0 0.0 0.0 1.0 0.9737822504375243 -0.13565897309362246 -0.18260550854783783 0.6580466760566284 0.1002600569268088 0.9764974918284435 -0.19078933261005934 0.8632635746456966 0.20419610603011928 0.1674792269863419 0.9644971015042988 1.7202762012550161 0.0 0.0 0.0 1.0
Undistorted_SfM/0022/images/1021716875_4feb03a922_o.jpg Undistorted_SfM/0022/images/2962497360_1a65209058_o.jpg 0 0 1196.31 0.0 640.0 0.0 1196.83 475.5 0.0 0.0 1.0 3745.48 0.0 640.0 0.0 3746.86 359.0 0.0 0.0 1.0 0.9742775949933451 0.02171700099826504 -0.22430234007166472 1.1751139477441237 0.032427434037117446 0.9714760625468482 0.23491002835179448 0.17722509883848953 0.22300589547308336 -0.2361411267994499 0.9457831351943924 0.7158592865365002 0.0 0.0 0.0 1.0
Undistorted_SfM/0022/images/182339698_1617d74525_o.jpg Undistorted_SfM/0022/images/220383979_353deb41d6_o.jpg 0 0 1294.31 0.0 640.0 0.0 1293.91 474.0 0.0 0.0 1.0 3260.6 0.0 513.0 0.0 3260.6 335.0 0.0 0.0 1.0 0.8231025421061927 -0.15842580724441202 -0.5453471085256435 1.982292359257797 0.21685279569453472 0.9752123803266385 0.0439963436789468 0.8778229075877858 0.5248590955464028 -0.15447354743323546 0.8370548685514014 1.8561520845909423 0.0 0.0 0.0 1.0
Undistorted_SfM/0022/images/557685972_9ce5d71315_o.jpg Undistorted_SfM/0022/images/325288797_537a42bb6f_o.jpg 0 0 6742.08 0.0 640.0 0.0 6741.93 477.5 0.0 0.0 1.0 1341.63 0.0 473.0 0.0 1341.42 640.0 0.0 0.0 1.0 0.9978490013364207 -0.02441113933324642 -0.060839681198710686 0.4686707450331863 0.02012416355118935 0.9973365162026058 -0.07010628709477323 -0.862964896225519 0.062389010036006394 0.06873114087007876 0.9956825004495279 -2.9934650240337306 0.0 0.0 0.0 1.0
Undistorted_SfM/0022/images/312833324_fa472f029f_o.jpg Undistorted_SfM/0022/images/1297114449_44c7553045_o.jpg 0 0 2132.39 0.0 640.0 0.0 2133.28 480.0 0.0 0.0 1.0 3520.68 0.0 638.5 0.0 3520.68 479.0 0.0 0.0 1.0 0.9331542466453414 0.018870577662543766 -0.358980575054483 3.0038347865938 0.08628778281983451 0.9576667425418957 0.27464309342350435 -1.1581418949731228 0.3489664317721727 -0.2872600068367968 0.8920224873669502 -2.082622035660594 0.0 0.0 0.0 1.0
Undistorted_SfM/0022/images/2676532132_7c55a4b43a_o.jpg Undistorted_SfM/0022/images/66304037_fc4bfdc192_o.jpg 0 0 3744.43 0.0 640.0 0.0 3742.95 479.5 0.0 0.0 1.0 1538.15 0.0 640.0 0.0 1537.81 475.0 0.0 0.0 1.0 0.9733065109872663 -0.08101777988646064 -0.21473368392514397 1.2172288548608923 0.033398801859183626 0.9756607544040401 -0.21672704572828447 0.2451237139884211 0.22706597214062174 0.20376999695246584 0.9523228615536994 1.3661042046359426 0.0 0.0 0.0 1.0
Undistorted_SfM/0022/images/402461674_fd8ac69701_o.jpg Undistorted_SfM/0022/images/2756999791_e60b86c78e_o.jpg 0 0 4995.4 0.0 640.0 0.0 4994.46 479.5 0.0 0.0 1.0 1278.9 0.0 640.0 0.0 1278.8 421.0 0.0 0.0 1.0 0.9824409483919809 0.18276717678619397 0.03749589327205622 0.07307620407924331 -0.18655805669176556 0.9597044723257565 0.21015093928253836 -1.4832445317991685 0.002423717404594826 -0.21345604907695925 0.9769496612960146 -1.9669236284889413 0.0 0.0 0.0 1.0
Undistorted_SfM/0022/images/1411860536_45b1c02e2f_o.jpg Undistorted_SfM/0022/images/2124155427_84125f800a_o.jpg 0 0 1358.87 0.0 640.0 0.0 1358.63 475.5 0.0 0.0 1.0 3946.99 0.0 640.0 0.0 3944.73 427.5 0.0 0.0 1.0 0.9993693344730523 -0.03499172395244047 0.006042563175067045 0.13599915934902754 0.035105533303852215 0.9991857451614055 -0.019885879354435615 0.2020223004149435 -0.005341801787842289 0.020085465418636674 0.9997839962874863 0.2707796647856462 0.0 0.0 0.0 1.0
Undistorted_SfM/0022/images/312975294_154b7c3f96_o.jpg Undistorted_SfM/0022/images/501219352_e100164423_o.jpg 0 0 1233.5 0.0 640.0 0.0 1233.64 470.0 0.0 0.0 1.0 2915.15 0.0 640.0 0.0 2913.92 479.0 0.0 0.0 1.0 0.9927155463305646 0.004615850305346087 0.12039326392937182 -0.8613648328687812 -0.04740402352973199 0.9336333830009311 0.35507965965319555 -0.557735985061918 -0.110764175737471 -0.3582002234396221 0.927051183754707 -0.980200360353461 0.0 0.0 0.0 1.0
Undistorted_SfM/0022/images/2364732234_2767cde6e9_o.jpg Undistorted_SfM/0022/images/2962496586_de82810c4d_o.jpg 0 0 2467.26 0.0 640.0 0.0 2467.26 640.0 0.0 0.0 1.0 3745.91 0.0 640.0 0.0 3747.3 359.0 0.0 0.0 1.0 0.8186658456542051 0.026305194420571606 -0.5736673861269969 4.8127587794790845 0.15662394961561957 0.9508515424584189 0.2671147367916071 -0.7866168242301964 0.5524990240408472 -0.3085277636630803 0.7743096586527703 -1.5933683783790442 0.0 0.0 0.0 1.0
Undistorted_SfM/0022/images/3918549631_bc2e969aa1_o.jpg Undistorted_SfM/0022/images/325288797_537a42bb6f_o.jpg 0 0 4487.65 0.0 640.0 0.0 4489.54 480.0 0.0 0.0 1.0 1341.63 0.0 473.0 0.0 1341.42 640.0 0.0 0.0 1.0 0.8486945860481624 0.19529090252878742 0.49150682904923104 -2.1654983815661275 -0.0438036827484416 0.9520918136048743 -0.30265891006916606 0.06857948840162198 -0.5270661599744497 0.23533516918657388 0.8165896283652605 0.12204870718121219 0.0 0.0 0.0 1.0
Undistorted_SfM/0022/images/409783245_d8d395e484_o.jpg Undistorted_SfM/0022/images/2362396430_22bb0d9f43_o.jpg 0 0 1026.95 0.0 380.5 0.0 1026.95 514.0 0.0 0.0 1.0 6068.84 0.0 640.0 0.0 6067.25 479.5 0.0 0.0 1.0 0.9955342070085924 -0.019244206828929078 -0.0924191710593557 0.3138841371712182 0.016993453003864598 0.999541019694021 -0.025079324234164226 1.508425696854758 0.09285938418263656 0.023396804323716824 0.995404301937991 4.4765313897462296 0.0 0.0 0.0 1.0
Undistorted_SfM/0022/images/2916597554_bc218c25de_o.jpg Undistorted_SfM/0022/images/1989159872_539fce0e8b_o.jpg 0 0 2914.55 0.0 640.0 0.0 2913.18 425.0 0.0 0.0 1.0 3799.43 0.0 640.0 0.0 3801.03 480.0 0.0 0.0 1.0 0.9939280840088586 0.02533967177460652 0.10707410916199582 -0.4861185083866427 0.020583719717155977 0.9131221385460213 -0.40716614616117847 1.0255785266420456 -0.10808919604236748 0.4068978509792056 0.9070561529295851 8.208573827018203 0.0 0.0 0.0 1.0
Undistorted_SfM/0022/images/270064289_6ba2b89fac_o.jpg Undistorted_SfM/0022/images/388599473_aa576a9202_o.jpg 0 0 1396.93 0.0 640.0 0.0 1396.5 474.0 0.0 0.0 1.0 3701.03 0.0 640.0 0.0 3701.8 480.0 0.0 0.0 1.0 0.8781176451102719 -0.027375961675465688 -0.4776609237401921 3.279615960943663 0.16180537637600645 0.9565282237812671 0.24263713088823183 -0.5078593864125283 0.45025373015868414 -0.2903520515377797 0.8443738891308713 -0.659609605341177 0.0 0.0 0.0 1.0
Undistorted_SfM/0022/images/1297983720_1baf4bb6e1_o.jpg Undistorted_SfM/0022/images/510806396_53030c4a1c_o.jpg 0 0 2858.15 0.0 638.0 0.0 2858.15 478.5 0.0 0.0 1.0 5083.37 0.0 626.0 0.0 5083.37 417.0 0.0 0.0 1.0 0.9961412069996413 -0.006104245203178325 -0.08755246374487179 0.5804424606972987 0.023948400647692214 0.9786266810827223 0.2042456686919782 -1.0901330038162813 0.0844344113718763 -0.20555426841473082 0.9749965502055736 -1.4554907778058068 0.0 0.0 0.0 1.0
Undistorted_SfM/0022/images/182339698_1617d74525_o.jpg Undistorted_SfM/0022/images/2643019453_9f4842b989_o.jpg 0 0 1294.31 0.0 640.0 0.0 1293.91 474.0 0.0 0.0 1.0 3774.12 0.0 640.0 0.0 3775.4 426.0 0.0 0.0 1.0 0.9287063344094207 -0.13958814824953522 -0.3435399442511497 1.4886757444282868 0.16828898303713918 0.9841998921039459 0.055039899808289376 0.7962762759749267 0.330429058371298 -0.1089298914478797 0.9375238216349546 1.4943879622710616 0.0 0.0 0.0 1.0
Undistorted_SfM/0022/images/2680794622_3aaabeed28_o.jpg Undistorted_SfM/0022/images/453069816_aa05cb1d62_o.jpg 0 0 1036.6 0.0 640.0 0.0 1036.95 477.0 0.0 0.0 1.0 3471.49 0.0 543.0 0.0 3471.49 407.0 0.0 0.0 1.0 0.55848029819058 -0.13724796531986055 -0.8180848076749252 2.9090571962961684 0.28278258894008373 0.9586428081379442 0.03221760074462236 1.2091659321305481 0.7798293171747935 -0.24933303515770744 0.5741944563070434 3.292686826591434 0.0 0.0 0.0 1.0
Undistorted_SfM/0022/images/2703388797_3c4dc9cff7_o.jpg Undistorted_SfM/0022/images/319977162_eec12458e9_o.jpg 0 0 3091.12 0.0 640.0 0.0 3092.56 427.0 0.0 0.0 1.0 2033.35 0.0 640.0 0.0 2032.48 478.5 0.0 0.0 1.0 0.9887404160097614 0.046440038416588 0.14225228497535652 -0.5464824445373455 -0.03882752520103321 0.9976849437948461 -0.055831677494396006 0.9881935692227221 -0.14451578818802932 0.04967973185254681 0.9882545781363483 1.6366984540546834 0.0 0.0 0.0 1.0
Undistorted_SfM/0022/images/2652866084_f528569160_o.jpg Undistorted_SfM/0022/images/269327741_4fdf4f92aa_o.jpg 0 0 4330.76 0.0 640.0 0.0 4332.6 480.0 0.0 0.0 1.0 4793.65 0.0 640.0 0.0 4794.65 480.0 0.0 0.0 1.0 0.9982625957717122 -0.02321635039953529 0.05415524865836553 -0.33379678218090486 -0.0015565536658784694 0.908390694350873 0.4181195087022661 -2.4797495461076724 -0.058901332954430195 -0.41747736165074284 0.9067763150222478 -2.39971640389075 0.0 0.0 0.0 1.0
Undistorted_SfM/0022/images/1246999913_f034722c7b_o.jpg Undistorted_SfM/0022/images/3715690353_64477b25da_o.jpg 0 0 3793.96 0.0 640.0 0.0 3793.15 479.0 0.0 0.0 1.0 1419.85 0.0 640.0 0.0 1419.24 478.5 0.0 0.0 1.0 0.9552724286210421 0.09728953412579296 0.27926570442151033 -1.5717103814413944 -0.0646852040810275 0.9902092112900882 -0.12369940278456154 0.1133832582175478 -0.2885661301841435 0.10010226983364325 0.952212751481884 0.45386273096017615 0.0 0.0 0.0 1.0
Undistorted_SfM/0022/images/3716502296_4c5b83c3e8_o.jpg Undistorted_SfM/0022/images/1610927842_7027d5148d_o.jpg 0 0 1075.76 0.0 640.0 0.0 1075.72 478.0 0.0 0.0 1.0 2573.53 0.0 640.0 0.0 2574.04 479.0 0.0 0.0 1.0 0.9191173342150173 -0.07386891910875139 -0.386997039698218 1.6389678413042932 0.16122346355787007 0.9667762826504716 0.19836989212816455 0.573119841925817 0.35948618992095305 -0.24471820956814852 0.9004902426799949 0.9014880241423922 0.0 0.0 0.0 1.0
Undistorted_SfM/0022/images/2168650655_d8075df234_o.jpg Undistorted_SfM/0022/images/2899024525_d3c7b3b33c_o.jpg 0 0 1315.35 0.0 640.0 0.0 1314.96 472.5 0.0 0.0 1.0 3716.77 0.0 640.0 0.0 3715.05 423.5 0.0 0.0 1.0 0.9095331190606104 -0.07526753012615904 -0.4087594699093651 1.877269709831734 0.13083635953784964 0.9853169645849859 0.10969196107241684 0.7086572569229999 0.39450139715184784 -0.15324907245963298 0.9060261416954271 1.795267543904461 0.0 0.0 0.0 1.0
Undistorted_SfM/0022/images/2704204608_ac8406d85b_o.jpg Undistorted_SfM/0022/images/670515494_2b585ee09a_o.jpg 0 0 3075.18 0.0 640.0 0.0 3073.98 426.5 0.0 0.0 1.0 1402.96 0.0 640.0 0.0 1402.63 473.0 0.0 0.0 1.0 0.9978592855613052 -0.03568444255745629 -0.05480389382557888 0.17414582090183445 0.010342463962749593 0.9135738379338953 -0.40654135839040045 0.2805747250768728 0.06457460536666831 0.40510426213765804 0.9119872022893974 1.5295538641056705 0.0 0.0 0.0 1.0
Undistorted_SfM/0022/images/3713497541_ab9fcd2ec4_o.jpg Undistorted_SfM/0022/images/3215385081_b58561049b_o.jpg 0 0 1387.45 0.0 640.0 0.0 1387.59 472.5 0.0 0.0 1.0 4632.98 0.0 640.0 0.0 4631.03 359.0 0.0 0.0 1.0 0.9995564471620036 -0.008974022126704184 0.028396757979428217 -0.07330535023804804 0.007217152733801504 0.9980885413615975 0.0613773273212157 1.0838037720552287 -0.028893280244544368 -0.06114515949401155 0.9977106032448296 3.0485016729207794 0.0 0.0 0.0 1.0
Undistorted_SfM/0022/images/2168650655_d8075df234_o.jpg Undistorted_SfM/0022/images/2703388797_3c4dc9cff7_o.jpg 0 0 1315.35 0.0 640.0 0.0 1314.96 472.5 0.0 0.0 1.0 3091.12 0.0 640.0 0.0 3092.56 427.0 0.0 0.0 1.0 0.9629653045456651 -0.0735148022482288 -0.2594097070112807 1.1352233280832726 0.15736223395450194 0.9344889899531234 0.3193234331852896 -0.318647663399386 0.2189405160451652 -0.3483186780906178 0.9114489283152849 -0.5069252388182255 0.0 0.0 0.0 1.0
Undistorted_SfM/0022/images/217448351_09b6986ab2_o.jpg Undistorted_SfM/0022/images/2935762689_fa1c008191_o.jpg 0 0 1383.73 0.0 640.0 0.0 1383.3 474.0 0.0 0.0 1.0 2928.74 0.0 640.0 0.0 2929.05 425.5 0.0 0.0 1.0 0.9960885098763862 0.011157943054505768 0.08765375519071099 -0.5121123375799403 -0.04045284243714417 0.9395167459142622 0.34010564782936403 -0.3323609931438345 -0.07855729139294636 -0.342321171494648 0.9362932059539553 -0.565097976714062 0.0 0.0 0.0 1.0
Undistorted_SfM/0022/images/2757260060_c37eb9d96f_o.jpg Undistorted_SfM/0022/images/3030755654_3d5ec40ca4_o.jpg 0 0 5156.64 0.0 640.0 0.0 5155.55 479.0 0.0 0.0 1.0 919.164 0.0 640.0 0.0 919.097 418.0 0.0 0.0 1.0 0.9996075214301336 0.027805882945537028 0.00341115433896211 -0.058461866435001536 -0.02800737317420791 0.9946377113338332 0.09955606581457299 -2.4232611409462512 -0.0006246184321535412 -0.09961252966476677 0.9950261070874474 -7.718425234490268 0.0 0.0 0.0 1.0
Undistorted_SfM/0022/images/3785461573_16e1515d06_o.jpg Undistorted_SfM/0022/images/2835033819_2806874c89_o.jpg 0 0 1352.43 0.0 610.5 0.0 1352.43 454.0 0.0 0.0 1.0 5029.31 0.0 640.0 0.0 5029.31 480.0 0.0 0.0 1.0 0.9960001322060682 -0.059489398387585796 -0.06666894423176528 0.22606579408685384 0.05098253883175106 0.9911283581421569 -0.12274102175190371 1.0014090477726534 0.07337927077699886 0.11885112185383612 0.9901968963061438 2.5716447447331086 0.0 0.0 0.0 1.0
Undistorted_SfM/0022/images/220383979_353deb41d6_o.jpg Undistorted_SfM/0022/images/2940921287_77326cef0c_o.jpg 0 0 3260.6 0.0 513.0 0.0 3260.6 335.0 0.0 0.0 1.0 1642.9 0.0 640.0 0.0 1642.21 359.0 0.0 0.0 1.0 0.978356095660363 0.05941252546867504 0.19821579629697678 -0.7221258834248186 -0.023955492630555346 0.9839743973809493 -0.1766932926616771 0.343806740530302 -0.20553706346310863 0.1681206028904004 0.9641006059674115 1.1057830791015795 0.0 0.0 0.0 1.0
Undistorted_SfM/0022/images/2838542396_d013d60608_o.jpg Undistorted_SfM/0022/images/557524448_5d60be4b38_o.jpg 0 0 1036.67 0.0 640.0 0.0 1036.78 476.5 0.0 0.0 1.0 3987.52 0.0 640.0 0.0 3988.36 480.0 0.0 0.0 1.0 0.9888033631113723 -0.009552683076958765 -0.1489182841214295 0.7925995800092016 0.04887425050273209 0.963637357138291 0.26270582704866996 0.4672117138355654 0.1409936762320772 -0.26704267481726707 0.9533147397837732 1.119069390786947 0.0 0.0 0.0 1.0
Undistorted_SfM/0022/images/228519770_b3bf41b2fb_o.jpg Undistorted_SfM/0022/images/2385799359_5eafaf9739_o.jpg 0 0 3398.88 0.0 640.0 0.0 3399.04 479.5 0.0 0.0 1.0 1299.66 0.0 640.0 0.0 1299.83 474.5 0.0 0.0 1.0 0.9905261159826299 -0.004898361274036943 -0.1372370927016271 0.5063033229449604 -0.033489439864001866 0.9605740958020921 -0.2759997534266809 0.10129385243743294 0.13317834273620235 0.27798095713703536 0.9513096848530537 0.4571308598145176 0.0 0.0 0.0 1.0
Undistorted_SfM/0022/images/2362397266_768802b34c_o.jpg Undistorted_SfM/0022/images/2811690874_f500d83335_o.jpg 0 0 1250.07 0.0 640.0 0.0 1250.41 471.0 0.0 0.0 1.0 4330.51 0.0 640.0 0.0 4329.59 480.0 0.0 0.0 1.0 0.9686177483394175 -0.12003593401877335 -0.21764887352365905 0.7345125814421913 0.10772209423387748 0.9918781182451951 -0.06762949770801528 0.9456523600602191 0.22399912503343541 0.042061539327650777 0.9736812717176211 1.7504836299078101 0.0 0.0 0.0 1.0
Undistorted_SfM/0022/images/501219352_e100164423_o.jpg Undistorted_SfM/0022/images/2940921287_77326cef0c_o.jpg 0 0 2915.15 0.0 640.0 0.0 2913.92 479.0 0.0 0.0 1.0 1642.9 0.0 640.0 0.0 1642.21 359.0 0.0 0.0 1.0 0.9958188993646118 0.05309518607481666 0.07433452013656822 -0.27653499915536733 -0.03527614874656993 0.9741296160567782 -0.2232198119582666 0.5021163409816435 -0.08426335501190978 0.21966427187131432 0.9719296757818346 1.5619734029331642 0.0 0.0 0.0 1.0
Undistorted_SfM/0022/images/2969108583_6965816aaf_o.jpg Undistorted_SfM/0022/images/12003890_f6c899bec0_o.jpg 0 0 3940.77 0.0 640.0 0.0 3942.41 480.0 0.0 0.0 1.0 2876.17 0.0 640.0 0.0 2874.96 479.0 0.0 0.0 1.0 0.9989868522879018 0.01365373023342796 0.04288175144070367 -0.3297938042630713 -0.0031497182148019338 0.9717407797842724 -0.23602952395711305 0.7161531824547094 -0.04489263003073956 0.23565532575133288 0.9707992682392979 5.083677313187998 0.0 0.0 0.0 1.0
Undistorted_SfM/0022/images/4295408049_a11a64958d_o.jpg Undistorted_SfM/0022/images/312975294_154b7c3f96_o.jpg 0 0 3001.97 0.0 640.0 0.0 3001.74 426.5 0.0 0.0 1.0 1233.5 0.0 640.0 0.0 1233.64 470.0 0.0 0.0 1.0 0.9840510998351648 -0.07736615829691024 -0.16018086796986586 1.1986056527434172 0.036290714961321316 0.9688443650729663 -0.2449971025827795 -0.07701353271711876 0.17414481594580505 0.23527659003126142 0.9562000362175601 -0.1464697013217946 0.0 0.0 0.0 1.0
Undistorted_SfM/0022/images/4295408049_a11a64958d_o.jpg Undistorted_SfM/0022/images/3030761546_dbc99a85b8_o.jpg 0 0 3001.97 0.0 640.0 0.0 3001.74 426.5 0.0 0.0 1.0 916.996 0.0 640.0 0.0 917.189 418.0 0.0 0.0 1.0 0.9935866662089724 -0.03415469743952275 -0.1077914346066265 0.6286200112483622 0.02166202412183045 0.9931283250844465 -0.11500820242881625 -0.527784562420819 0.11097879726634824 0.11193563578135861 0.9874989215181642 -1.6054453164414477 0.0 0.0 0.0 1.0
Undistorted_SfM/0022/images/2927310704_c5a0f7cd74_o.jpg Undistorted_SfM/0022/images/3866520701_0a34d3e614_o.jpg 0 0 1372.37 0.0 640.0 0.0 1371.79 471.5 0.0 0.0 1.0 2734.0 0.0 640.0 0.0 2732.85 479.0 0.0 0.0 1.0 0.9956990163189053 -0.038427734501771636 -0.08430170889504822 0.4953237214586095 0.057304640410352006 0.9704315554110323 0.2344755305996024 -0.4956274004139939 0.07279867504978611 -0.23829793428308638 0.9684598326349986 -1.0481322389624632 0.0 0.0 0.0 1.0
Undistorted_SfM/0022/images/2004808007_12be8bb96c_o.jpg Undistorted_SfM/0022/images/1390794615_4e2efcc84d_o.jpg 0 0 1386.34 0.0 420.5 0.0 1386.47 640.0 0.0 0.0 1.0 3199.2 0.0 640.0 0.0 3199.24 426.0 0.0 0.0 1.0 0.9881417817811857 -0.03693191396264061 -0.14903641444076615 0.23216345507792807 0.09825694031960448 0.8979724443383339 0.42894179428923424 -0.5294745009495794 0.11798895192912502 -0.438499170968537 0.8909529080050037 -0.9048291711436973 0.0 0.0 0.0 1.0
Undistorted_SfM/0022/images/3212305528_40225a17cf_o.jpg Undistorted_SfM/0022/images/2916597554_bc218c25de_o.jpg 0 0 1392.49 0.0 640.0 0.0 1393.06 422.0 0.0 0.0 1.0 2914.55 0.0 640.0 0.0 2913.18 425.0 0.0 0.0 1.0 0.9786384845642441 0.07589842032072952 0.191065816729778 -1.0082083629246403 -0.13167183166694063 0.9451309385398914 0.29898166793329767 -0.7179632094862841 -0.15788997838771182 -0.3177529524764825 0.934935193431719 -1.3528711522467345 0.0 0.0 0.0 1.0
Undistorted_SfM/0022/images/2659011231_c2500b1b55_o.jpg Undistorted_SfM/0022/images/340075389_0d8bfb1f10_o.jpg 0 0 3360.64 0.0 517.0 0.0 3360.64 342.5 0.0 0.0 1.0 1288.8 0.0 640.0 0.0 1289.28 473.0 0.0 0.0 1.0 0.9811669923263658 0.05749699621413104 0.18440560890489596 -1.1200075572824124 -0.03027454675285524 0.9886470764836072 -0.14717475999411536 -0.3259747732116601 -0.1907741727492021 0.13882022038150096 0.9717685740057089 -1.1140750886434854 0.0 0.0 0.0 1.0
Undistorted_SfM/0022/images/2851715724_65ba8475ed_o.jpg Undistorted_SfM/0022/images/3122827506_c9c0b423d7_o.jpg 0 0 2904.85 0.0 640.0 0.0 2905.08 425.5 0.0 0.0 1.0 2800.77 0.0 640.0 0.0 2801.35 479.5 0.0 0.0 1.0 0.9943590998743551 0.058701385060948616 0.08834097514171227 -0.9598453132231122 -0.03076246540897998 0.9566978121696371 -0.28945287511405227 0.42534590951257606 -0.10150690232207708 0.2851025141624605 0.9531069746881616 6.380772122982001 0.0 0.0 0.0 1.0
Undistorted_SfM/0022/images/3839233859_335ce4fa60_o.jpg Undistorted_SfM/0022/images/158849998_602c2630f0_o.jpg 0 0 1421.3 0.0 640.0 0.0 1422.03 424.0 0.0 0.0 1.0 3639.69 0.0 626.0 0.0 3639.69 469.0 0.0 0.0 1.0 0.9326618679855454 0.15433012691800874 0.3260736909521902 -1.5623725261430348 -0.1715995029881907 0.9848573268770248 0.024691218496604966 0.63709459996433 -0.31732546475175777 -0.07898264127080373 0.9450218472596114 0.8301195416081968 0.0 0.0 0.0 1.0
Undistorted_SfM/0022/images/2733554986_0a14f3a94d_o.jpg Undistorted_SfM/0022/images/402460922_5ff257d9d9_o.jpg 0 0 1365.91 0.0 472.0 0.0 1366.4 640.0 0.0 0.0 1.0 1026.34 0.0 640.0 0.0 1026.08 471.5 0.0 0.0 1.0 0.993426554111448 0.027187280160452482 0.11119592341327769 -0.12196788607088838 -0.02449883590698339 0.9993752697809094 -0.025473067925499446 0.7566601309412115 -0.11181899939391855 0.02258145141064836 0.9934719872380554 2.144574429775522 0.0 0.0 0.0 1.0
Undistorted_SfM/0022/images/1400145940_25c13a7df6_o.jpg Undistorted_SfM/0022/images/2971339027_c23b9761a9_o.jpg 0 0 4201.08 0.0 640.0 0.0 4199.53 479.0 0.0 0.0 1.0 3810.38 0.0 640.0 0.0 3809.63 479.5 0.0 0.0 1.0 0.9993686868255555 -0.02958831599202881 -0.019666198140996693 0.11545031906621228 0.01627010127110833 0.8732389880285281 -0.4870204858027434 1.5341735660951066 0.03158340699153541 0.4863930523184598 0.8731691056485789 4.248111002598204 0.0 0.0 0.0 1.0
Undistorted_SfM/0022/images/312974796_9fa21e1202_o.jpg Undistorted_SfM/0022/images/3067494512_301859f793_o.jpg 0 0 1478.38 0.0 640.0 0.0 1479.02 475.5 0.0 0.0 1.0 3626.38 0.0 640.0 0.0 3627.92 360.0 0.0 0.0 1.0 0.960296068280634 -0.026271476453560438 -0.2777431741190157 1.3325811730226358 0.04921349499649336 0.9958960455950288 0.07595458036494405 0.4253377301882331 0.27460788982654166 -0.0866075972021777 0.9576479681761348 1.471887574703436 0.0 0.0 0.0 1.0
Undistorted_SfM/0022/images/2353199691_728747427f_o.jpg Undistorted_SfM/0022/images/3067494512_301859f793_o.jpg 0 0 1007.14 0.0 640.0 0.0 1007.37 468.5 0.0 0.0 1.0 3626.38 0.0 640.0 0.0 3627.92 360.0 0.0 0.0 1.0 0.9481370795476307 -0.038860881922897696 -0.31547727373467743 1.2853948733839102 0.05549386503132342 0.9974930675208893 0.043909124241453656 0.6392890102792372 0.3129800462182459 -0.059138922072868 0.947916704444691 1.997685767608563 0.0 0.0 0.0 1.0
Undistorted_SfM/0022/images/3568956904_f156634a3e_o.jpg Undistorted_SfM/0022/images/1775341099_98ecd54a92_o.jpg 0 0 4393.54 0.0 640.0 0.0 4391.72 479.5 0.0 0.0 1.0 1310.5 0.0 473.0 0.0 1310.3 640.0 0.0 0.0 1.0 0.9668847252602477 -0.12446528675058449 -0.22280556647559283 0.1075874846169258 0.05419497259738191 0.9532382266253336 -0.29732101884219 -0.06600577852235728 0.24939292893661608 0.275400210047639 0.928416873662975 -0.4397259729082039 0.0 0.0 0.0 1.0
Undistorted_SfM/0022/images/2037422488_c0494eecc0_o.jpg Undistorted_SfM/0022/images/277111797_cf5dc61599_o.jpg 0 0 1324.34 0.0 640.0 0.0 1324.9 472.0 0.0 0.0 1.0 4051.86 0.0 506.5 0.0 4051.86 379.5 0.0 0.0 1.0 0.9985899348044297 0.004101115427759552 -0.05292752553760161 0.222558502787044 0.0037178893377467262 0.9891604762748011 0.14679144891539592 0.6485674400611103 0.05295582504463082 -0.14678124208514257 0.9877504480210502 1.2619982654985447 0.0 0.0 0.0 1.0
Undistorted_SfM/0022/images/312975025_9de688d87f_o.jpg Undistorted_SfM/0022/images/2703388797_3c4dc9cff7_o.jpg 0 0 1656.33 0.0 640.0 0.0 1656.96 478.0 0.0 0.0 1.0 3091.12 0.0 640.0 0.0 3092.56 427.0 0.0 0.0 1.0 0.9957579109714289 0.012387147429974581 0.09117423603389453 -0.57425528323528 -0.045201049326605916 0.9289425668421775 0.36745417761734644 -1.1292841098822468 -0.08014391977929437 -0.37001657542225713 0.9255618218332015 -1.5960780495275002 0.0 0.0 0.0 1.0
Undistorted_SfM/0022/images/2385707020_fa1c526dc2_o.jpg Undistorted_SfM/0022/images/2361506957_61d8eba5f9_o.jpg 0 0 959.838 0.0 640.0 0.0 959.768 419.0 0.0 0.0 1.0 1671.93 0.0 640.0 0.0 1672.59 478.5 0.0 0.0 1.0 0.9998164610582307 0.007646194477718918 0.01756644263943311 -0.01941652338259255 -0.011636048908879308 0.9707696316554151 0.2397309421443127 -1.360636435275813 -0.015219939644616263 -0.2398913461665895 0.9706804291174288 -1.674071162089434 0.0 0.0 0.0 1.0
Undistorted_SfM/0022/images/453069816_aa05cb1d62_o.jpg Undistorted_SfM/0022/images/3501559839_cfbc0317a6_o.jpg 0 0 3471.49 0.0 543.0 0.0 3471.49 407.0 0.0 0.0 1.0 1791.68 0.0 640.0 0.0 1791.95 477.5 0.0 0.0 1.0 0.9480584888356524 0.07673084357843094 0.3087028982539711 -1.726686990435886 0.0248841721737262 0.9496065766268074 -0.31245500092388284 0.4599195890198978 -0.317121238206916 0.3039074320757188 0.8983731925025671 3.453676788006174 0.0 0.0 0.0 1.0
Undistorted_SfM/0022/images/2675710761_85145abdf2_o.jpg Undistorted_SfM/0022/images/3798990626_91b5cfb2f3_o.jpg 0 0 1442.7 0.0 640.0 0.0 1442.29 477.0 0.0 0.0 1.0 2943.93 0.0 425.0 0.0 2943.25 640.0 0.0 0.0 1.0 0.9801783078561206 -0.030159392176707767 -0.19580831410296132 1.4232472919773291 0.06022524709140675 0.9869313699399499 0.14946367666169905 -0.4358530432282658 0.18874163404265482 -0.15829365777562107 0.9691850770038316 -1.4928883552550807 0.0 0.0 0.0 1.0
Undistorted_SfM/0022/images/2082536149_8253c1d62f_o.jpg Undistorted_SfM/0022/images/571948884_d50606eca5_o.jpg 0 0 4486.02 0.0 640.0 0.0 4484.15 479.5 0.0 0.0 1.0 2122.44 0.0 640.0 0.0 2121.5 478.0 0.0 0.0 1.0 0.9987938640322918 -0.025366701445112983 -0.04203983383932907 0.38981184088985243 0.020552824797959012 0.9935826998004285 -0.11122499741567048 0.22167931390190632 0.04459146290791875 0.11022680760634429 0.9929056613398103 0.7623801953875902 0.0 0.0 0.0 1.0
Undistorted_SfM/0022/images/3074969160_feb757b901_o.jpg Undistorted_SfM/0022/images/2703388797_3c4dc9cff7_o.jpg 0 0 1351.98 0.0 640.0 0.0 1352.66 476.5 0.0 0.0 1.0 3091.12 0.0 640.0 0.0 3092.56 427.0 0.0 0.0 1.0 0.8346045685394682 0.16245029806250688 0.5263507526663668 -2.3325157781879358 -0.2895595680307825 0.9422422935083253 0.16832919201967722 0.1458913935608268 -0.4686048129659733 -0.29289820925293036 0.8334387609666062 0.15323057565580012 0.0 0.0 0.0 1.0
Undistorted_SfM/0022/images/1246999913_f034722c7b_o.jpg Undistorted_SfM/0022/images/2408990133_586daf29fa_o.jpg 0 0 3793.96 0.0 640.0 0.0 3793.15 479.0 0.0 0.0 1.0 2199.43 0.0 602.0 0.0 2199.43 579.0 0.0 0.0 1.0 0.9779271213350587 -0.07734015064914046 -0.1941057610038756 0.9653643516482014 0.011422762691836643 0.9473738051107025 -0.31992560679407117 0.22656478354876627 0.20863380802212145 0.3106467036484322 0.9273459762475661 3.3834544494590624 0.0 0.0 0.0 1.0
Undistorted_SfM/0022/images/2971339027_c23b9761a9_o.jpg Undistorted_SfM/0022/images/3754582807_4c00a92d1f_o.jpg 0 0 3810.38 0.0 640.0 0.0 3809.63 479.5 0.0 0.0 1.0 1375.91 0.0 516.5 0.0 1375.91 534.0 0.0 0.0 1.0 0.9969435122048702 -0.017545364499547664 0.07613011005637611 0.0202924758909635 0.016978148717031377 0.9998231195025921 0.00809148776479827 -0.345012033162108 -0.07625861222681864 -0.006774207900819665 0.9970650601483115 -0.7842757165985939 0.0 0.0 0.0 1.0
Undistorted_SfM/0022/images/2969975182_99836bf589_o.jpg Undistorted_SfM/0022/images/2848358386_c77b4baf3e_o.jpg 0 0 1395.0 0.0 640.0 0.0 1395.22 473.0 0.0 0.0 1.0 567.54 0.0 631.0 0.0 567.54 422.0 0.0 0.0 1.0 0.9997220482419634 -0.021603918463584306 0.009439118916082782 -0.07951949320716492 0.022800433443694097 0.987808932486921 -0.15399238011612604 -0.1444453205594023 -0.005997207156070762 0.15416479366596186 0.988026947962584 -0.3864617547931575 0.0 0.0 0.0 1.0
Undistorted_SfM/0022/images/3262415418_224a89e0fc_o.jpg Undistorted_SfM/0022/images/38958495_74efb603d5_o.jpg 0 0 3696.54 0.0 640.0 0.0 3696.53 479.5 0.0 0.0 1.0 1909.76 0.0 640.0 0.0 1909.54 476.5 0.0 0.0 1.0 0.997295939075934 0.011164060862979858 -0.07263727450626979 0.5178031748203515 -0.024154966127075933 0.983275105713428 -0.18051760051487195 0.1033479973399388 0.06940711428990061 0.18178402083047543 0.9808859374344471 1.1982242835488353 0.0 0.0 0.0 1.0
Undistorted_SfM/0022/images/1170878020_5fb6e7c4e2_o.jpg Undistorted_SfM/0022/images/3771535614_a92fcf05a3_o.jpg 0 0 3188.95 0.0 640.0 0.0 3189.6 479.0 0.0 0.0 1.0 4212.38 0.0 640.0 0.0 4214.24 428.5 0.0 0.0 1.0 0.9447531595044595 0.007407554634584372 0.32769894070728567 -3.8321528611408517 -0.1040777496971877 0.9547884068408449 0.2784724765219912 -2.7866085313391173 -0.31082034943727715 -0.2971939203561491 0.9028103256382438 -5.331761855481559 0.0 0.0 0.0 1.0
Undistorted_SfM/0022/images/3920987420_b69f885b96_o.jpg Undistorted_SfM/0022/images/3839233859_335ce4fa60_o.jpg 0 0 1227.67 0.0 640.0 0.0 1228.03 423.0 0.0 0.0 1.0 1421.3 0.0 640.0 0.0 1422.03 424.0 0.0 0.0 1.0 0.9761029719725799 -0.012809396105707428 -0.21693065130982372 1.9077149570965402 0.053979838158329185 0.9812650686461678 0.1849460519374017 -1.5786153028446632 0.21049742321153914 -0.1922362723999781 0.958507198927094 -2.7914159565535126 0.0 0.0 0.0 1.0
Undistorted_SfM/0022/images/2899024525_d3c7b3b33c_o.jpg Undistorted_SfM/0022/images/2361565083_e869171135_o.jpg 0 0 3716.77 0.0 640.0 0.0 3715.05 423.5 0.0 0.0 1.0 1606.12 0.0 640.0 0.0 1606.3 476.0 0.0 0.0 1.0 0.9997546295641542 -0.005094743587405853 0.02155746397003606 -0.1600577270405219 0.010710375515996665 0.9630509181307898 -0.26910633018148933 0.21471873039115402 -0.0193899077188922 0.26927118797825544 0.9628691805242454 1.7762149838866637 0.0 0.0 0.0 1.0
Undistorted_SfM/0022/images/366870221_9911d9f247_o.jpg Undistorted_SfM/0022/images/388668440_9e847d374c_o.jpg 0 0 1265.96 0.0 640.0 0.0 1266.37 468.5 0.0 0.0 1.0 3585.53 0.0 480.0 0.0 3584.78 640.0 0.0 0.0 1.0 0.9939394717582458 -0.024782887177208494 -0.10709871607120708 0.6630141602014468 0.03888194687250858 0.9905353770041051 0.13163533382317633 0.6160783001614135 0.10282276347357484 -0.1350017607533228 0.9854958162798865 1.4688089255874353 0.0 0.0 0.0 1.0
Undistorted_SfM/0022/images/2315547624_62f253a152_o.jpg Undistorted_SfM/0022/images/2476618452_cd1ff6ae4e_o.jpg 0 0 3535.1 0.0 640.0 0.0 3536.49 478.5 0.0 0.0 1.0 2530.59 0.0 640.0 0.0 2529.69 493.0 0.0 0.0 1.0 0.9979587638865302 -0.026417268159854537 -0.05814149572413022 0.32119823813674353 0.015286979428375204 0.9827798247340312 -0.18414701831879637 0.30712674485818126 0.06200495014130042 0.18288232292574647 0.9811775792991082 3.3031764413715203 0.0 0.0 0.0 1.0
Undistorted_SfM/0022/images/2453955940_543226dff0_o.jpg Undistorted_SfM/0022/images/2124155427_84125f800a_o.jpg 0 0 1079.77 0.0 524.0 0.0 1079.77 388.5 0.0 0.0 1.0 3946.99 0.0 640.0 0.0 3944.73 427.5 0.0 0.0 1.0 0.9453797265759272 0.1829733935564459 0.2697738123496486 -0.6876641456407686 -0.10819135830660133 0.9568141454841089 -0.2698171992095519 1.3067969338689915 -0.3074927683165867 0.2258925148205498 0.9243488352245863 2.255512933563643 0.0 0.0 0.0 1.0
Undistorted_SfM/0022/images/310584686_0965d00b4c_o.jpg Undistorted_SfM/0022/images/3262415418_224a89e0fc_o.jpg 0 0 1012.55 0.0 530.5 0.0 1012.55 391.0 0.0 0.0 1.0 3696.54 0.0 640.0 0.0 3696.53 479.5 0.0 0.0 1.0 0.9633199597501111 0.023585962488970467 0.2673169607797328 -1.3924732357820533 -0.05350680728007011 0.9930100361132367 0.10520498920242219 0.8566247298047847 -0.26296706394858227 -0.11564934306712332 0.957848397569472 2.598353198927607 0.0 0.0 0.0 1.0
Undistorted_SfM/0022/images/3098461719_81a348b293_o.jpg Undistorted_SfM/0022/images/770197291_dbe856fdc9_o.jpg 0 0 3852.77 0.0 640.0 0.0 3851.17 479.5 0.0 0.0 1.0 2154.97 0.0 633.5 0.0 2154.97 356.0 0.0 0.0 1.0 0.9952646900813364 -0.011805732036185618 -0.09648223343388763 0.29264763509827807 0.0041539284955956456 0.9968558842089414 -0.07912705603055789 0.34165210942251256 0.0971130349405005 0.07835158459852198 0.9921845028196853 1.3087460113076435 0.0 0.0 0.0 1.0
Undistorted_SfM/0022/images/2703388797_3c4dc9cff7_o.jpg Undistorted_SfM/0022/images/2037422488_c0494eecc0_o.jpg 0 0 3091.12 0.0 640.0 0.0 3092.56 427.0 0.0 0.0 1.0 1324.34 0.0 640.0 0.0 1324.9 472.0 0.0 0.0 1.0 0.9998904150551388 0.005169635479727098 -0.01387201318732133 0.03262289844510691 -0.009443512530375309 0.9443695980511281 -0.3287504864602321 0.16764136612930292 0.011400787339088232 0.3288454608866562 0.9443149288782273 0.6765172906349259 0.0 0.0 0.0 1.0
Undistorted_SfM/0022/images/465433915_fb097fed94_o.jpg Undistorted_SfM/0022/images/2398257186_799b24701d_o.jpg 0 0 1524.27 0.0 479.5 0.0 1523.96 640.0 0.0 0.0 1.0 3925.1 0.0 479.5 0.0 3926.73 640.0 0.0 0.0 1.0 0.8096810894433967 -0.07180286860235112 -0.5824610557438393 3.515099006568208 0.20357650677239728 0.9652249425113567 0.16400431776113844 0.14478422658547258 0.5504299585670301 -0.25136658173755294 0.7961417601768394 0.7636878343701422 0.0 0.0 0.0 1.0
Undistorted_SfM/0022/images/3785461573_16e1515d06_o.jpg Undistorted_SfM/0022/images/2141796651_c30bd73184_o.jpg 0 0 1352.43 0.0 610.5 0.0 1352.43 454.0 0.0 0.0 1.0 5036.43 0.0 640.0 0.0 5036.43 480.0 0.0 0.0 1.0 0.9914149319402245 -0.03131495498730266 -0.1269480457514157 0.6271313264154811 0.014971396324720939 0.9916989480887688 -0.12770690526247078 1.2031405857328146 0.12989337942346582 0.12470994328349594 0.9836539737266243 3.2804044690868266 0.0 0.0 0.0 1.0
Undistorted_SfM/0022/images/66304037_fc4bfdc192_o.jpg Undistorted_SfM/0022/images/378952049_069b98faae_o.jpg 0 0 1538.15 0.0 640.0 0.0 1537.81 475.0 0.0 0.0 1.0 2709.08 0.0 640.0 0.0 2707.93 478.0 0.0 0.0 1.0 0.9433170694648895 0.003484749222780257 -0.33187461936554774 2.4484861593388114 0.12129238192595258 0.9271575065076034 0.35449557996303993 -1.3973715711146752 0.30893537276087646 -0.3746555947126074 0.8741808284374812 -2.070589704435042 0.0 0.0 0.0 1.0
Undistorted_SfM/0022/images/433892710_09d0fce291_o.jpg Undistorted_SfM/0022/images/2604830299_33a36b49e8_o.jpg 0 0 1407.19 0.0 472.5 0.0 1407.18 640.0 0.0 0.0 1.0 4792.07 0.0 640.0 0.0 4789.09 399.5 0.0 0.0 1.0 0.6956763448817289 -0.06439954881083375 -0.7154628720520436 2.768004645174285 0.2974148760054811 0.9324227372599159 0.20526137135703373 0.389608045913306 0.6538951098629217 -0.35558478194895626 0.6678178255659779 1.1482086982460165 0.0 0.0 0.0 1.0
Undistorted_SfM/0022/images/448214815_f9d37b29e4_o.jpg Undistorted_SfM/0022/images/3568956904_f156634a3e_o.jpg 0 0 2118.86 0.0 640.0 0.0 2118.81 479.0 0.0 0.0 1.0 4393.54 0.0 640.0 0.0 4391.72 479.5 0.0 0.0 1.0 0.9986904263052473 0.011105446907533534 -0.04994097971833738 0.29791711167499907 -0.0005357194393365398 0.9783727050591613 0.20684913101074814 -0.7589187709277999 0.05115804346264375 -0.20655149247633947 0.9770974033047426 -1.325463483995113 0.0 0.0 0.0 1.0
Undistorted_SfM/0022/images/217448351_09b6986ab2_o.jpg Undistorted_SfM/0022/images/365097267_68c2ec1b85_o.jpg 0 0 1383.73 0.0 640.0 0.0 1383.3 474.0 0.0 0.0 1.0 2919.71 0.0 640.0 0.0 2920.86 478.5 0.0 0.0 1.0 0.9549366528429094 0.010468594936242434 0.29662501171890693 -1.1790885609454174 -0.08245799165798773 0.9693941437328926 0.23124807827980584 0.09731333516403062 -0.28512570678371324 -0.24528636859074102 0.9265732182157302 0.14933453804836816 0.0 0.0 0.0 1.0
Undistorted_SfM/0022/images/2315547624_62f253a152_o.jpg Undistorted_SfM/0022/images/3649143756_aca56a6328_o.jpg 0 0 3535.1 0.0 640.0 0.0 3536.49 478.5 0.0 0.0 1.0 1131.93 0.0 640.0 0.0 1131.85 426.5 0.0 0.0 1.0 0.9914724002628569 0.01848271006976566 0.1289994920357669 -1.3368981048266293 -0.014348726583111232 0.999355555276427 -0.032902707845813006 -0.6396371329243392 -0.12952449020340528 0.030771148282454305 0.9910986544592456 -2.48224619345829 0.0 0.0 0.0 1.0
Undistorted_SfM/0022/images/3216263284_1c2f358e5a_o.jpg Undistorted_SfM/0022/images/498853018_3003d31a2f_o.jpg 0 0 3433.47 0.0 640.0 0.0 3434.66 359.5 0.0 0.0 1.0 1351.29 0.0 640.0 0.0 1351.16 419.5 0.0 0.0 1.0 0.7755894279163786 -0.3197240732107665 -0.5442770951582114 2.84849954295783 0.293703448295528 0.9460014849929708 -0.13718409109809412 0.2532725808033549 0.5587479966529281 -0.05345752894224074 0.827612813358837 0.3437983561152924 0.0 0.0 0.0 1.0
Undistorted_SfM/0022/images/50254895_ce589a7280_o.jpg Undistorted_SfM/0022/images/2703388797_3c4dc9cff7_o.jpg 0 0 3482.07 0.0 640.0 0.0 3483.54 480.0 0.0 0.0 1.0 3091.12 0.0 640.0 0.0 3092.56 427.0 0.0 0.0 1.0 0.9382761643696648 -0.04746021248202613 -0.34261548068776887 2.7224500085295325 0.1719966386962467 0.9234134405641 0.3431104400375539 -3.1690024304356332 0.30009164542343186 -0.38086105867721903 0.8745798181585973 -4.576840233385106 0.0 0.0 0.0 1.0
Undistorted_SfM/0022/images/2732702365_063c4832b0_o.jpg Undistorted_SfM/0022/images/3807590577_b863a74f5f_o.jpg 0 0 1370.22 0.0 640.0 0.0 1370.52 473.5 0.0 0.0 1.0 4623.45 0.0 640.0 0.0 4624.41 480.0 0.0 0.0 1.0 0.9991789058313025 0.019894883473707974 0.03529458532592164 -0.12251062368350363 -0.024854762613300285 0.9889455792477038 0.14618099076781563 0.3264991176092926 -0.03199617035205424 -0.1469382009485324 0.9886280444053825 0.7203845727330945 0.0 0.0 0.0 1.0
Undistorted_SfM/0022/images/388668440_9e847d374c_o.jpg Undistorted_SfM/0022/images/3066274005_d6b0de2d4d_o.jpg 0 0 3585.53 0.0 480.0 0.0 3584.78 640.0 0.0 0.0 1.0 1394.22 0.0 627.5 0.0 1394.22 470.5 0.0 0.0 1.0 0.8792152596756703 -0.13357404289443378 -0.4573166323438061 3.0517968752370717 0.12247919917449049 0.991001948915074 -0.053981320992547384 -0.07559243492728354 0.4604121772097469 -0.00855057374454591 0.8876640776586713 0.44883479594484277 0.0 0.0 0.0 1.0
Undistorted_SfM/0022/images/811811542_eeb124391a_o.jpg Undistorted_SfM/0022/images/220383979_353deb41d6_o.jpg 0 0 1402.3 0.0 640.0 0.0 1402.26 478.0 0.0 0.0 1.0 3260.6 0.0 513.0 0.0 3260.6 335.0 0.0 0.0 1.0 0.9902948346434981 0.020937746846539675 -0.13739632904629315 0.5300038294885319 0.015881947810367326 0.9650631030659984 0.2615357926448598 -0.30864528149481285 0.13807209787699978 -0.26117966585784697 0.9553644738686004 -0.5878478359117749 0.0 0.0 0.0 1.0
Undistorted_SfM/0022/images/2962497360_1a65209058_o.jpg Undistorted_SfM/0022/images/325288666_e5a21a444a_o.jpg 0 0 3745.48 0.0 640.0 0.0 3746.86 359.0 0.0 0.0 1.0 1940.5 0.0 640.0 0.0 1940.95 477.5 0.0 0.0 1.0 0.9558284737885852 0.06805955571005777 0.2859367509984214 -1.7410013822336676 0.024345946750426638 0.951146530968386 -0.3077784129916037 0.4874043196992638 -0.292915010833875 0.3011447716686352 0.907475962725645 3.062685740533076 0.0 0.0 0.0 1.0
Undistorted_SfM/0022/images/2875057485_c8e25315e8_o.jpg Undistorted_SfM/0022/images/388599473_aa576a9202_o.jpg 0 0 1276.15 0.0 640.0 0.0 1276.15 480.0 0.0 0.0 1.0 3701.03 0.0 640.0 0.0 3701.8 480.0 0.0 0.0 1.0 0.9875293477521271 -0.0402099902895371 -0.15221348169322435 0.3616181291265024 0.055294314707752576 0.9938249000127171 0.0962008673334746 0.6107631468338252 0.14740531228303222 -0.10341771993052302 0.9836546391468468 1.4081015926303713 0.0 0.0 0.0 1.0
Undistorted_SfM/0022/images/2675714713_c4e4746967_o.jpg Undistorted_SfM/0022/images/2659006665_81d6f629df_o.jpg 0 0 1409.68 0.0 640.0 0.0 1409.43 473.5 0.0 0.0 1.0 1042.31 0.0 529.0 0.0 1042.31 346.0 0.0 0.0 1.0 0.8673284304990786 -0.224179332875225 -0.4443928671340531 1.6385306983206198 -0.0006535433320780186 0.892314282769802 -0.45141421515735086 0.4946056506983921 0.4977358401091067 0.391814812732537 0.773783035478453 4.217686890383747 0.0 0.0 0.0 1.0
Undistorted_SfM/0022/images/1855586584_83d985d251_o.jpg Undistorted_SfM/0022/images/2244694791_ec4eee64cc_o.jpg 0 0 4104.18 0.0 640.0 0.0 4103.31 479.0 0.0 0.0 1.0 1820.7 0.0 423.0 0.0 1821.2 640.0 0.0 0.0 1.0 0.9052845582054126 -0.2201913740426243 -0.3632844993556046 1.8135235056781698 0.12506312450344856 0.9554229636178164 -0.26744378003831665 0.21190948422112488 0.4059791664165367 0.1966792296836901 0.8924674767445389 0.5026767476325187 0.0 0.0 0.0 1.0
Undistorted_SfM/0022/images/3735395703_55e52d4634_o.jpg Undistorted_SfM/0022/images/3785541476_7d99b5b6eb_o.jpg 0 0 1046.97 0.0 525.5 0.0 1046.97 389.0 0.0 0.0 1.0 2608.32 0.0 640.0 0.0 2609.05 425.0 0.0 0.0 1.0 0.9265060698219799 0.014728221437855965 -0.37599146543014256 1.7108608449403686 0.1153186143954344 0.9400365992000981 0.32098724170631954 -0.44001543161938095 0.35817330966578975 -0.34075544259423296 0.86925117692498 -0.13418710623109908 0.0 0.0 0.0 1.0
Undistorted_SfM/0022/images/3215409151_697a9ceeaf_o.jpg Undistorted_SfM/0022/images/1535390018_c922ef779d_o.jpg 0 0 1779.61 0.0 640.0 0.0 1780.21 359.0 0.0 0.0 1.0 4301.52 0.0 640.0 0.0 4302.44 480.0 0.0 0.0 1.0 0.7831582923511801 -0.28188830864537356 -0.5542581263009448 2.5147658169362614 0.2737548371241934 0.9566169347990507 -0.09971122909068475 0.8423038905990556 0.5583201395907995 -0.0736411671873777 0.8263507731118732 2.0153447734404946 0.0 0.0 0.0 1.0
Undistorted_SfM/0022/images/2441542594_87b8e6ab5b_o.jpg Undistorted_SfM/0022/images/1297977400_b0630f2b24_o.jpg 0 0 1219.15 0.0 640.0 0.0 1219.05 472.0 0.0 0.0 1.0 3519.61 0.0 638.0 0.0 3519.61 478.5 0.0 0.0 1.0 0.726520469708844 -0.13208339486379042 -0.6743307674244867 3.5182409529714684 0.2428077010727282 0.9673903126947605 0.072113821172576 0.5898889399062281 0.6428160136413977 -0.21612487063174754 0.734899729827541 2.120581283870006 0.0 0.0 0.0 1.0
Undistorted_SfM/0022/images/2051129170_37712f7e1a_o.jpg Undistorted_SfM/0022/images/2941541684_6b0283a313_o.jpg 0 0 3751.35 0.0 640.0 0.0 3752.92 480.0 0.0 0.0 1.0 2234.45 0.0 640.0 0.0 2234.25 424.5 0.0 0.0 1.0 0.9151906305583807 0.05539331848468656 0.39919630509989434 -2.8362205229409367 0.03685750219542425 0.9748548037612398 -0.21977178189100774 0.5096960623760634 -0.4013323239786052 0.2158464543393949 0.8901363231994542 4.592996184756271 0.0 0.0 0.0 1.0
Undistorted_SfM/0022/images/733459890_6209f79181_o.jpg Undistorted_SfM/0022/images/2475794569_71b7aea161_o.jpg 0 0 1303.77 0.0 640.0 0.0 1303.72 471.5 0.0 0.0 1.0 2718.07 0.0 640.0 0.0 2718.73 426.5 0.0 0.0 1.0 0.9843424449822573 0.17200592772514914 -0.038521576210779146 0.06915177329401256 -0.154403240730115 0.9468250850466521 0.28227982141562674 -0.151605088155653 0.08502699723258632 -0.27191215337643654 0.958558391850908 -0.1880388334682208 0.0 0.0 0.0 1.0
Undistorted_SfM/0022/images/3839233859_335ce4fa60_o.jpg Undistorted_SfM/0022/images/3122828874_49b328e959_o.jpg 0 0 1421.3 0.0 640.0 0.0 1422.03 424.0 0.0 0.0 1.0 7806.42 0.0 640.0 0.0 7808.05 480.0 0.0 0.0 1.0 0.9942816655420571 0.039523745711846456 0.09920606378552817 -0.8265151973148803 -0.010327286532546965 0.9602214373852198 -0.2790486307773923 1.7678502965053795 -0.10628883628955423 0.2764284079300967 0.95513874309937 8.891246728977809 0.0 0.0 0.0 1.0
Undistorted_SfM/0022/images/205952270_e61056f818_o.jpg Undistorted_SfM/0022/images/1535390018_c922ef779d_o.jpg 0 0 1307.33 0.0 640.0 0.0 1306.65 474.0 0.0 0.0 1.0 4301.52 0.0 640.0 0.0 4302.44 480.0 0.0 0.0 1.0 0.9623216289495325 -0.11534298522915198 -0.2462378488663872 1.7373174093831698 0.13325633191296316 0.9894230944279695 0.057312217001996395 0.7518598217769399 0.23702285219155625 -0.08796553854214363 0.9675134270737386 1.5716213469328193 0.0 0.0 0.0 1.0
Undistorted_SfM/0022/images/3098461719_81a348b293_o.jpg Undistorted_SfM/0022/images/493639419_213c736a33_o.jpg 0 0 3852.77 0.0 640.0 0.0 3851.17 479.5 0.0 0.0 1.0 1494.43 0.0 640.0 0.0 1494.85 426.5 0.0 0.0 1.0 0.8843581914787733 0.14122904621493154 0.4449325181076498 -3.057991708341148 -0.1073746480281134 0.9891216783187057 -0.10054347537670304 0.16831897906135398 -0.45429205817979273 0.041141973521060596 0.8899022777190541 1.0341464676314343 0.0 0.0 0.0 1.0
Undistorted_SfM/0022/images/2508509466_989c3d0719_o.jpg Undistorted_SfM/0022/images/513614819_6ce3416ad0_o.jpg 0 0 3817.09 0.0 640.0 0.0 3815.51 479.5 0.0 0.0 1.0 1496.16 0.0 427.0 0.0 1495.93 640.0 0.0 0.0 1.0 0.8226321296296594 0.483119248174119 -0.29978687653839237 0.7824637737074533 -0.516543401631229 0.8553745737062177 -0.03895193048033762 -0.0826508061593425 0.2376116443531546 0.18689604249576913 0.9532106670443894 0.4271979853166097 0.0 0.0 0.0 1.0
Undistorted_SfM/0022/images/2851710008_f00bf23bd4_o.jpg Undistorted_SfM/0022/images/2415654069_7515075a87_o.jpg 0 0 2898.66 0.0 640.0 0.0 2898.89 425.5 0.0 0.0 1.0 6897.53 0.0 640.0 0.0 6900.42 480.0 0.0 0.0 1.0 0.9802136627950859 0.05254461622962358 0.19084087239143238 -1.126425704657321 -0.04841362003427959 0.9984824313835597 -0.02624796398868678 0.2563672057333416 -0.1919304474673516 0.01648931543929488 0.9812699963880103 0.681453267532259 0.0 0.0 0.0 1.0
Undistorted_SfM/0022/images/2969954058_5d11b121d0_o.jpg Undistorted_SfM/0022/images/2814711330_caf820aefa_o.jpg 0 0 1412.19 0.0 640.0 0.0 1411.45 474.0 0.0 0.0 1.0 2495.04 0.0 509.0 0.0 2495.04 339.0 0.0 0.0 1.0 0.9742488147759737 0.02555915984958939 0.22402226732044686 -1.4658993771780804 -0.0994928179783812 0.9403277245405083 0.3253996767533593 -1.2695293642311183 -0.20233740652269744 -0.33930885607106276 0.918656123973174 -1.7897956000170296 0.0 0.0 0.0 1.0
Undistorted_SfM/0022/images/482418570_c6e4f7b980_o.jpg Undistorted_SfM/0022/images/448213417_4617fba0ea_o.jpg 0 0 1048.87 0.0 512.5 0.0 1048.87 337.5 0.0 0.0 1.0 3882.54 0.0 640.0 0.0 3881.75 480.5 0.0 0.0 1.0 0.9248951086263515 0.1713711625780221 0.33941267312183054 -0.7585867288620047 -0.08404613153587005 0.9627327531742604 -0.2570639876360824 1.0850618577304636 -0.3708170516749529 0.2092309025984586 0.9048298975967415 2.827099725389861 0.0 0.0 0.0 1.0
Undistorted_SfM/0022/images/2066614418_5a70705407_o.jpg Undistorted_SfM/0022/images/2935762689_fa1c008191_o.jpg 0 0 1730.48 0.0 640.0 0.0 1730.06 581.5 0.0 0.0 1.0 2928.74 0.0 640.0 0.0 2929.05 425.5 0.0 0.0 1.0 0.998100201060336 -0.009466711154674855 -0.0608799640541197 0.28131800669289897 0.029786165546575216 0.9391184484553826 0.34230004982878276 -0.7397964246376755 0.05393304168456447 -0.3434631292448566 0.9376162892484229 -1.1268177393580892 0.0 0.0 0.0 1.0
Undistorted_SfM/0022/images/3179491696_7750fa951d_o.jpg Undistorted_SfM/0022/images/1297977400_b0630f2b24_o.jpg 0 0 1131.22 0.0 640.0 0.0 1131.15 423.5 0.0 0.0 1.0 3519.61 0.0 638.0 0.0 3519.61 478.5 0.0 0.0 1.0 0.67183732243516 -0.0827548617389547 -0.7360613052196952 4.286730598891667 0.2355483852553341 0.96602216269554 0.10638674440284716 0.520991945700138 0.7022475136209166 -0.24485263739563545 0.6685025172530332 1.9378349190376711 0.0 0.0 0.0 1.0
Undistorted_SfM/0022/images/2851710008_f00bf23bd4_o.jpg Undistorted_SfM/0022/images/319538081_654369b7a2_o.jpg 0 0 2898.66 0.0 640.0 0.0 2898.89 425.5 0.0 0.0 1.0 4058.14 0.0 640.0 0.0 4059.84 479.5 0.0 0.0 1.0 0.996881705862498 0.07161425218175892 0.03314005734942862 -0.21307603158924537 -0.0761033678613376 0.9835438409886182 0.16385905606196446 -1.0275665919740247 -0.020860055532953652 -0.1658701653034792 0.9859269477731901 -1.5987134031394208 0.0 0.0 0.0 1.0
Undistorted_SfM/0022/images/3845128120_533dd61a3c_o.jpg Undistorted_SfM/0022/images/3785541476_7d99b5b6eb_o.jpg 0 0 1372.89 0.0 640.0 0.0 1372.53 474.5 0.0 0.0 1.0 2608.32 0.0 640.0 0.0 2609.05 425.0 0.0 0.0 1.0 0.613326466886188 0.006598061588888586 -0.7898019439075691 4.648369699612591 0.39901196061826133 0.8603911463931909 0.31704342051489093 -0.55730867071205 0.6816304719571131 -0.5095915430925835 0.5250679564666302 0.462894186120264 0.0 0.0 0.0 1.0