Undistorted_SfM/0015/images/389637521_82abe2d494_o.jpg Undistorted_SfM/0015/images/3611827485_281ac6d564_o.jpg 0 0 4614.7 0.0 800.0 0.0 4614.68 599.0 0.0 0.0 1.0 2089.99 0.0 800.0 0.0 2090.98 527.5 0.0 0.0 1.0 0.9186734946127141 -0.1915962334116341 -0.34544159222441345 0.2506272567561334 -0.0006001174610338732 0.8738184637905216 -0.48625192256463734 1.0622436314056682 0.3950172782994387 0.44691405849586724 0.8026388815424134 6.96948481291314 0.0 0.0 0.0 1.0
Undistorted_SfM/0015/images/3413545761_535151c7b5_o.jpg Undistorted_SfM/0015/images/275603952_94ac921c80_o.jpg 0 0 6467.11 0.0 798.0 0.0 6467.11 598.5 0.0 0.0 1.0 1670.81 0.0 800.0 0.0 1670.63 522.0 0.0 0.0 1.0 0.9700880397135188 -0.05806802442627036 -0.23570596034893332 2.1088094182148605 0.0031600571346251777 0.9739073405155466 -0.22692400959096728 0.36054389074879123 0.24273279391892802 0.21939142332635883 0.9449593610982145 1.483799074445884 0.0 0.0 0.0 1.0
Undistorted_SfM/0015/images/3018384583_98264ff1fd_o.jpg Undistorted_SfM/0015/images/215039174_469f107570_o.jpg 0 0 7591.5 0.0 797.5 0.0 7591.5 598.0 0.0 0.0 1.0 1210.39 0.0 800.0 0.0 1210.62 521.5 0.0 0.0 1.0 0.8237973827219311 -0.11893304669878203 -0.5542678076737283 1.5792440368153495 0.09552017796784548 0.9928864145845597 -0.0710806818651087 0.12515089949692393 0.5587788183364566 0.005612320051724662 0.8292977354618485 0.6925819911398923 0.0 0.0 0.0 1.0
Undistorted_SfM/0015/images/2874255043_f436b313fb_o.jpg Undistorted_SfM/0015/images/1969087925_0f439b6bc7_o.jpg 0 0 1946.26 0.0 800.0 0.0 1946.11 529.5 0.0 0.0 1.0 6489.92 0.0 510.5 0.0 6489.92 783.5 0.0 0.0 1.0 0.9733254927203155 0.05954465873055761 0.22156696242313836 -2.432371258016616 -0.07752609429595902 0.994287879089175 0.07335746860112102 1.5337990513989959 -0.2159332997107418 -0.08857791549258669 0.9723820046478745 3.7579212968702542 0.0 0.0 0.0 1.0
Undistorted_SfM/0015/images/2696052764_9a2716f136_o.jpg Undistorted_SfM/0015/images/2696032888_40c3f04760_o.jpg 0 0 10748.1 0.0 800.0 0.0 10748.1 599.0 0.0 0.0 1.0 2672.01 0.0 797.0 0.0 2672.01 597.5 0.0 0.0 1.0 0.9455246488363027 -0.18891871187774806 -0.26512800445339774 -0.5206588403695958 0.13009019568543162 0.9658089315517433 -0.22425353669765463 0.47346386456122247 0.2984286839925322 0.1775466925553184 0.9377726230452424 2.8069182286891894 0.0 0.0 0.0 1.0
Undistorted_SfM/0015/images/1969087925_0f439b6bc7_o.jpg Undistorted_SfM/0015/images/3056331888_e7f4c11bb3_o.jpg 0 0 6489.92 0.0 510.5 0.0 6489.92 783.5 0.0 0.0 1.0 1572.75 0.0 800.0 0.0 1572.18 590.0 0.0 0.0 1.0 0.9953747680632892 -0.09291639317310324 -0.02440522449507913 1.3951810900219472 0.08602073887081464 0.9751410189036296 -0.20420682098233195 0.40517889819558617 0.04277269674772717 0.20116296162885558 0.9786235023141614 2.2333647374579333 0.0 0.0 0.0 1.0
Undistorted_SfM/0015/images/3018384583_98264ff1fd_o.jpg Undistorted_SfM/0015/images/2979505208_68bf32c5c6_o.jpg 0 0 7591.5 0.0 797.5 0.0 7591.5 598.0 0.0 0.0 1.0 2008.63 0.0 800.0 0.0 2009.12 594.5 0.0 0.0 1.0 0.9996205325066589 -0.02751953995719552 0.0012107483839542768 0.2723229825853552 0.027505062494783853 0.9947644007186031 -0.09842387210487318 -0.945088079656537 0.0015041702905466629 0.09841982515480688 0.9951438466313479 -4.423059338480094 0.0 0.0 0.0 1.0
Undistorted_SfM/0015/images/3228510319_5901f7015b_o.jpg Undistorted_SfM/0015/images/2140428609_eecfae94d0_o.jpg 0 0 5445.41 0.0 790.5 0.0 5445.41 593.0 0.0 0.0 1.0 1205.08 0.0 800.0 0.0 1204.87 521.0 0.0 0.0 1.0 0.998065798275013 0.02267025319433866 -0.05788542073585188 1.38400237367885 -0.029401837228553194 0.99255129569681 -0.11822629732072956 -0.9509597730380084 0.054774029258834685 0.11969956153089487 0.991298048362885 -5.861188901208658 0.0 0.0 0.0 1.0
Undistorted_SfM/0015/images/3018384583_98264ff1fd_o.jpg Undistorted_SfM/0015/images/2140428609_eecfae94d0_o.jpg 0 0 7591.5 0.0 797.5 0.0 7591.5 598.0 0.0 0.0 1.0 1205.08 0.0 800.0 0.0 1204.87 521.0 0.0 0.0 1.0 0.9989810495547372 0.031324508639234215 0.03249058000446258 -0.054981018056207476 -0.02712743164285378 0.9921075932874109 -0.12241987499553991 -0.9036004838681159 -0.03606889356465121 0.12141374922129648 0.9919464382803389 -5.940714883169914 0.0 0.0 0.0 1.0
Undistorted_SfM/0015/images/2189792388_50f1cddf2a_o.jpg Undistorted_SfM/0015/images/3819243606_7acfaf85dd_o.jpg 0 0 7553.15 0.0 794.0 0.0 7553.15 595.0 0.0 0.0 1.0 2233.74 0.0 785.0 0.0 2233.74 523.0 0.0 0.0 1.0 0.9908779594441219 0.06025088603917225 0.12054335410692467 -1.8803803386929308 -0.027128788854613808 0.9653588558188787 -0.2595116727766729 0.846243083437166 -0.132003402619533 0.25387420157148644 0.9581873467507831 5.592371384264437 0.0 0.0 0.0 1.0
Undistorted_SfM/0015/images/1969087925_0f439b6bc7_o.jpg Undistorted_SfM/0015/images/2140428609_eecfae94d0_o.jpg 0 0 6489.92 0.0 510.5 0.0 6489.92 783.5 0.0 0.0 1.0 1205.08 0.0 800.0 0.0 1204.87 521.0 0.0 0.0 1.0 0.9984358110880476 -0.03082628840874978 -0.04664408944220902 1.3425032282788307 0.02103183661171077 0.9800734451407045 -0.1975188699308715 -0.5670883068331177 0.051803407085736365 0.19622890223657385 0.9791887585860751 -3.7746770130246814 0.0 0.0 0.0 1.0
Undistorted_SfM/0015/images/3314770081_b6f95dfc00_o.jpg Undistorted_SfM/0015/images/2499107370_d54ef6325a_o.jpg 0 0 2044.49 0.0 800.0 0.0 2044.41 530.5 0.0 0.0 1.0 1741.3 0.0 800.0 0.0 1741.28 594.0 0.0 0.0 1.0 0.7580437524220839 -0.3144219708714774 -0.5714092173277758 0.23757635547532097 0.0694906271957572 0.9100709629143501 -0.40858523614062187 1.1419571465977034 0.6484911118479466 0.27001790069075626 0.7117229876579583 8.990642253545795 0.0 0.0 0.0 1.0
Undistorted_SfM/0015/images/3413545761_535151c7b5_o.jpg Undistorted_SfM/0015/images/1105376832_6f92693a76_o.jpg 0 0 6467.11 0.0 798.0 0.0 6467.11 598.5 0.0 0.0 1.0 2581.6 0.0 507.0 0.0 2581.6 299.5 0.0 0.0 1.0 0.9952194577961216 0.017953717478533124 -0.09599945235622533 -1.0457493272108156 -0.038240771260358575 0.9761093166757807 -0.21388839452423244 1.5026429736438192 0.08986586803345917 0.21653698512596362 0.9721295488951827 6.157623865822551 0.0 0.0 0.0 1.0
Undistorted_SfM/0015/images/1969087925_0f439b6bc7_o.jpg Undistorted_SfM/0015/images/3602442955_5305b75580_o.jpg 0 0 6489.92 0.0 510.5 0.0 6489.92 783.5 0.0 0.0 1.0 1321.74 0.0 800.0 0.0 1321.86 592.5 0.0 0.0 1.0 0.9810095188940918 -0.08238337243309178 -0.17559414507816642 2.651995019189302 0.06587133114577229 0.9930156132225558 -0.09788237650014026 -0.7164170874185469 0.18243160793093305 0.08445692300091029 0.979584471388227 -2.683180733404843 0.0 0.0 0.0 1.0
Undistorted_SfM/0015/images/479591564_1eb1ad6f60_o.jpg Undistorted_SfM/0015/images/2961365335_8c1d232d57_o.jpg 0 0 4446.55 0.0 767.0 0.0 4446.55 573.5 0.0 0.0 1.0 1760.11 0.0 800.0 0.0 1759.39 594.0 0.0 0.0 1.0 0.8687312628093999 -0.19508701740691636 -0.45524394411881963 -0.7144711768429526 0.13746458493044633 0.9780181885979756 -0.1567925720862909 0.8288360330058149 0.47582505283715937 0.07363068932726453 0.8764525319044417 4.841823502139728 0.0 0.0 0.0 1.0
Undistorted_SfM/0015/images/3314770081_b6f95dfc00_o.jpg Undistorted_SfM/0015/images/3206255109_c13eacc5ee_o.jpg 0 0 2044.49 0.0 800.0 0.0 2044.41 530.5 0.0 0.0 1.0 1269.53 0.0 800.0 0.0 1270.05 518.0 0.0 0.0 1.0 0.749414676956847 -0.29750816867974633 -0.5914951661091484 0.2748783736905036 0.18565853813292116 0.9519452711363087 -0.2435797774437902 2.9743297363709424 0.6355379997923114 0.07272613237374503 0.7686366895288992 8.691390576812836 0.0 0.0 0.0 1.0
Undistorted_SfM/0015/images/2189792388_50f1cddf2a_o.jpg Undistorted_SfM/0015/images/2087060047_320bbd3696_o.jpg 0 0 7553.15 0.0 794.0 0.0 7553.15 595.0 0.0 0.0 1.0 1609.4 0.0 592.0 0.0 1609.99 800.0 0.0 0.0 1.0 0.989743746630263 0.04622861588498672 0.13516741870601637 -0.6541230715396402 0.014113392180357415 0.9099194344885653 -0.4145448527013366 -0.05964598359405736 -0.14215529595288606 0.41220084644911587 0.899934627636463 0.5815686360392265 0.0 0.0 0.0 1.0
Undistorted_SfM/0015/images/4043252998_b660b7dffa_o.jpg Undistorted_SfM/0015/images/3602442955_5305b75580_o.jpg 0 0 6399.65 0.0 527.0 0.0 6399.65 787.5 0.0 0.0 1.0 1321.74 0.0 800.0 0.0 1321.86 592.5 0.0 0.0 1.0 0.961760326107896 -0.07239240228293886 -0.26415225764043215 4.674400725635761 0.06647811592505429 0.9972976871395706 -0.0312727250030859 -1.0014121831460512 0.265702343286406 0.012516521791964812 0.963973859321062 -3.756589976655979 0.0 0.0 0.0 1.0
Undistorted_SfM/0015/images/3018384583_98264ff1fd_o.jpg Undistorted_SfM/0015/images/403999946_08c8353b8a_o.jpg 0 0 7591.5 0.0 797.5 0.0 7591.5 598.0 0.0 0.0 1.0 1483.1 0.0 657.0 0.0 1483.1 486.5 0.0 0.0 1.0 0.9635471480154557 0.06937633659364846 0.25838695298355485 -3.9877197125225603 -0.04022644711169428 0.9923822289278548 -0.11644459910598237 -0.10094893206293382 -0.26449712002978604 0.10180587227182751 0.9589978299594429 -0.40979982913897306 0.0 0.0 0.0 1.0
Undistorted_SfM/0015/images/1969087925_0f439b6bc7_o.jpg Undistorted_SfM/0015/images/1349576135_91cfa7d80a_o.jpg 0 0 6489.92 0.0 510.5 0.0 6489.92 783.5 0.0 0.0 1.0 1610.16 0.0 800.0 0.0 1610.71 591.0 0.0 0.0 1.0 0.9978492656195314 -0.05571620747287194 -0.03453327854983799 1.0999479764005302 0.04878263579283872 0.9830859512329909 -0.17652837430121146 0.404734271458419 0.04378467251977643 0.17446408430724422 0.983689577935626 2.234721304944802 0.0 0.0 0.0 1.0
Undistorted_SfM/0015/images/4142908691_3884438815_o.jpg Undistorted_SfM/0015/images/3336437567_334c98a284_o.jpg 0 0 2536.54 0.0 640.0 0.0 2536.54 479.5 0.0 0.0 1.0 5249.14 0.0 776.5 0.0 5249.14 582.5 0.0 0.0 1.0 0.9670568543195052 0.014266679210144687 0.2541603871140799 -2.126368385568783 -0.07491651828748547 0.9701621007747369 0.2305927438321303 -3.489192838358842 -0.24328698239187602 -0.24203710476838963 0.9392707192891682 -6.165199733350722 0.0 0.0 0.0 1.0
Undistorted_SfM/0015/images/1798788753_fd07135a57_o.jpg Undistorted_SfM/0015/images/50646217_c352086389_o.jpg 0 0 4724.92 0.0 799.0 0.0 4724.92 597.5 0.0 0.0 1.0 1724.5 0.0 800.0 0.0 1723.77 591.5 0.0 0.0 1.0 0.7657869997094089 -0.059173322521502425 -0.6403661366576376 3.071863506327035 0.0736057730278229 0.9972788562814553 -0.004131947595105276 0.13008312258752264 0.6388681094349902 -0.043970452757713684 0.7680586813722265 1.041689228696502 0.0 0.0 0.0 1.0
Undistorted_SfM/0015/images/350639788_462a038755_o.jpg Undistorted_SfM/0015/images/138728131_7b2091047c_o.jpg 0 0 4632.96 0.0 800.0 0.0 4631.91 598.0 0.0 0.0 1.0 1606.67 0.0 800.0 0.0 1606.92 593.5 0.0 0.0 1.0 0.9997235007467127 -0.020435201438597138 0.011632910078799281 1.0629144437755917 0.021873793122240033 0.9897450709104303 -0.14116030526657625 0.8782755393523091 -0.00862897613757948 0.14137573041604937 0.9899184025060578 2.92234796748189 0.0 0.0 0.0 1.0
Undistorted_SfM/0015/images/48028783_2142293d9f_o.jpg Undistorted_SfM/0015/images/3206255109_c13eacc5ee_o.jpg 0 0 1600.48 0.0 800.0 0.0 1600.09 593.5 0.0 0.0 1.0 1269.53 0.0 800.0 0.0 1270.05 518.0 0.0 0.0 1.0 0.8260103804903478 -0.33582364438655316 -0.4526912095381636 -0.14771819556597077 0.19161248709318843 0.9226037617747636 -0.33479389712033036 2.9922202472148247 0.5300863194916033 0.1898019458013793 0.8264282880310041 8.709410907179514 0.0 0.0 0.0 1.0
Undistorted_SfM/0015/images/2704335322_1a11018a73_o.jpg Undistorted_SfM/0015/images/3481071716_52e34ed500_o.jpg 0 0 3886.44 0.0 793.5 0.0 3886.44 595.0 0.0 0.0 1.0 1616.77 0.0 785.0 0.0 1616.77 588.5 0.0 0.0 1.0 0.9749887002618834 -0.07235107649692511 -0.21014841443936505 -0.8231330405260122 0.03118583681244508 0.9807114209149382 -0.19295738511212873 1.0016507837111535 0.22005562465874523 0.1815776159573059 0.9584388824746783 5.637859776633803 0.0 0.0 0.0 1.0
Undistorted_SfM/0015/images/149746416_ee35b4d9ae_o.jpg Undistorted_SfM/0015/images/2467874196_fdb349e54c_o.jpg 0 0 1409.99 0.0 658.5 0.0 1409.99 473.5 0.0 0.0 1.0 3735.91 0.0 800.0 0.0 3734.68 531.5 0.0 0.0 1.0 0.9810478051219336 -0.04605333834665839 -0.18821342697205146 0.30272714231964937 0.06530075288759944 0.9931030914009928 0.09737587751647694 -1.1850103131038907 0.18243085193505035 -0.10782086939419237 0.9772889257457751 -4.147820923855422 0.0 0.0 0.0 1.0
Undistorted_SfM/0015/images/3018384583_98264ff1fd_o.jpg Undistorted_SfM/0015/images/399364960_845892e7d7_o.jpg 0 0 7591.5 0.0 797.5 0.0 7591.5 598.0 0.0 0.0 1.0 1553.33 0.0 800.0 0.0 1553.0 589.5 0.0 0.0 1.0 0.9424562095644256 -0.03395360831729359 -0.33260103056919643 4.727649921267287 0.040758013595579554 0.9990778325633509 0.01350069658423502 -1.9344061571075013 0.3318359193655778 -0.02627997265510053 0.9429709887669128 -5.949855001359108 0.0 0.0 0.0 1.0
Undistorted_SfM/0015/images/2658725419_457769856a_o.jpg Undistorted_SfM/0015/images/3511130064_16059fefec_o.jpg 0 0 9091.96 0.0 798.5 0.0 9091.96 598.5 0.0 0.0 1.0 2221.32 0.0 595.5 0.0 2221.57 800.0 0.0 0.0 1.0 0.99944784094455 -0.01602415635658701 0.029107381268967673 0.0067704421997055175 0.017433139190330068 0.9986556497975028 -0.048815763698807565 0.8115818013825472 -0.02828601932488869 0.04929624266196038 0.9983835843853628 2.5299358752706698 0.0 0.0 0.0 1.0
Undistorted_SfM/0015/images/2811393705_fc1d64747e_o.jpg Undistorted_SfM/0015/images/143983789_f030e8f660_o.jpg 0 0 1280.07 0.0 800.0 0.0 1279.64 517.0 0.0 0.0 1.0 4849.39 0.0 634.0 0.0 4849.39 475.0 0.0 0.0 1.0 0.9584066333563874 0.06622049327588189 0.2776176712833211 -0.5197880093796692 -0.08668838959578752 0.9942981556405946 0.06209912075867769 1.3686338212771518 -0.2719225041216049 -0.08358243810759981 0.9586824958202926 4.388411072716767 0.0 0.0 0.0 1.0
Undistorted_SfM/0015/images/2189792388_50f1cddf2a_o.jpg Undistorted_SfM/0015/images/2957001157_502eef457c_o.jpg 0 0 7553.15 0.0 794.0 0.0 7553.15 595.0 0.0 0.0 1.0 1254.62 0.0 800.0 0.0 1255.13 587.0 0.0 0.0 1.0 0.9280396855443539 -0.12088271212917306 -0.3523204677038104 2.894975036104021 0.0923031984789938 0.9910062846094525 -0.09688479455062093 -0.05663899868006439 0.3608634944203745 0.05739262821011072 0.9308510217117731 -0.1070764282953327 0.0 0.0 0.0 1.0
Undistorted_SfM/0015/images/3018384583_98264ff1fd_o.jpg Undistorted_SfM/0015/images/50646217_c352086389_o.jpg 0 0 7591.5 0.0 797.5 0.0 7591.5 598.0 0.0 0.0 1.0 1724.5 0.0 800.0 0.0 1723.77 591.5 0.0 0.0 1.0 0.9996159967958718 0.008850480225537465 -0.026258864209505683 0.6398456286796751 -0.01256968419370218 0.989345447089255 -0.14504340510010358 0.029297308246446274 0.024695383962726344 0.14531777359820627 0.9890767830089806 0.3312824674980346 0.0 0.0 0.0 1.0
Undistorted_SfM/0015/images/2911790895_78462766e5_o.jpg Undistorted_SfM/0015/images/3336437567_334c98a284_o.jpg 0 0 1542.27 0.0 800.0 0.0 1542.25 588.0 0.0 0.0 1.0 5249.14 0.0 776.5 0.0 5249.14 582.5 0.0 0.0 1.0 0.9645398081156303 0.011775953292377338 0.26367458255266063 -1.148664346825865 -0.09651476241305099 0.9455530778739534 0.31082837315702966 -3.1277285263294003 -0.2456580126855553 -0.32525482909120523 0.9131601376298875 -5.62658002255521 0.0 0.0 0.0 1.0
Undistorted_SfM/0015/images/479591564_1eb1ad6f60_o.jpg Undistorted_SfM/0015/images/308950404_34fbc110a7_o.jpg 0 0 4446.55 0.0 767.0 0.0 4446.55 573.5 0.0 0.0 1.0 2060.38 0.0 636.5 0.0 2060.38 424.0 0.0 0.0 1.0 0.8261803429162372 -0.19440517960456274 -0.5288030513544016 0.4230314184602959 0.14110192760713983 0.9800670882563738 -0.1398525957650504 0.45460177359582243 0.545450535799863 0.04092833565625183 0.8371431086355852 2.2680405616781436 0.0 0.0 0.0 1.0
Undistorted_SfM/0015/images/3018384583_98264ff1fd_o.jpg Undistorted_SfM/0015/images/1307424764_836bfa2f6b_o.jpg 0 0 7591.5 0.0 797.5 0.0 7591.5 598.0 0.0 0.0 1.0 1777.64 0.0 800.0 0.0 1777.76 595.0 0.0 0.0 1.0 0.9891932246526958 0.060643801050310565 0.13348817811091301 -0.30279094520327704 -0.04735782427085631 0.9938044231629369 -0.10054852053666939 0.035145390398874654 -0.13875878632191616 0.09314020558251232 0.9859365604959152 0.3595037312121061 0.0 0.0 0.0 1.0
Undistorted_SfM/0015/images/2696048146_7a0eed5649_o.jpg Undistorted_SfM/0015/images/2152097903_afd5ff9ce6_o.jpg 0 0 10139.7 0.0 800.0 0.0 10139.7 599.5 0.0 0.0 1.0 2854.28 0.0 800.0 0.0 2853.68 599.5 0.0 0.0 1.0 0.98238079995208 -0.037394379266949544 -0.1831109616728369 -1.2236760180899429 -0.005896871400529954 0.9730881784650118 -0.2303575999165873 0.7539344971200147 0.18679719160950262 0.2273786650741104 0.955722633338731 4.79290013987135 0.0 0.0 0.0 1.0
Undistorted_SfM/0015/images/3182244552_6b2b1a66c4_o.jpg Undistorted_SfM/0015/images/2390642358_6f35ba023d_o.jpg 0 0 2405.2 0.0 336.0 0.0 2405.2 504.0 0.0 0.0 1.0 5258.74 0.0 800.0 0.0 5257.09 532.5 0.0 0.0 1.0 0.9117826354381927 -0.04190059709380347 -0.4085300058460416 6.044865660420819 0.1366720966370577 0.969036104922104 0.2056447552412364 -1.4886840677983972 0.38726368757503554 -0.2433379693360245 0.8892769360357917 -2.847227652111144 0.0 0.0 0.0 1.0
Undistorted_SfM/0015/images/389637521_82abe2d494_o.jpg Undistorted_SfM/0015/images/404000070_24067007de_o.jpg 0 0 4614.7 0.0 800.0 0.0 4614.68 599.0 0.0 0.0 1.0 1446.68 0.0 659.5 0.0 1446.68 487.5 0.0 0.0 1.0 0.9754059352902356 -0.06308841554153223 -0.21119449146471525 0.530102151273196 -0.01387284548764631 0.9386912828684928 -0.34447963600883474 0.5825203708430817 0.21997910254989364 0.33893735009756926 0.9147298328742653 2.070230752707067 0.0 0.0 0.0 1.0
Undistorted_SfM/0015/images/4043252998_b660b7dffa_o.jpg Undistorted_SfM/0015/images/2811393705_fc1d64747e_o.jpg 0 0 6399.65 0.0 527.0 0.0 6399.65 787.5 0.0 0.0 1.0 1280.07 0.0 800.0 0.0 1279.64 517.0 0.0 0.0 1.0 0.8540545101744571 -0.12738858499902286 -0.5043441702474748 7.370921184984491 0.10447143967615548 0.9918007566207979 -0.07360011860319544 -0.7277881885253927 0.5095847446133553 0.010168951684404156 0.8603603782595877 -2.7895099247832946 0.0 0.0 0.0 1.0
Undistorted_SfM/0015/images/4043252998_b660b7dffa_o.jpg Undistorted_SfM/0015/images/403999946_08c8353b8a_o.jpg 0 0 6399.65 0.0 527.0 0.0 6399.65 787.5 0.0 0.0 1.0 1483.1 0.0 657.0 0.0 1483.1 486.5 0.0 0.0 1.0 0.9954817859770868 0.01000481483411582 0.0944241360458371 -0.644171277931398 0.001340696127084909 0.9928533347509939 -0.11933339100069948 -0.021068895813948413 -0.09494322683457997 0.11892081127357823 0.9883539974747255 -0.37670627180609384 0.0 0.0 0.0 1.0
Undistorted_SfM/0015/images/2303006132_e8c635902c_o.jpg Undistorted_SfM/0015/images/1092740246_a9412e2c70_o.jpg 0 0 802.094 0.0 519.5 0.0 802.094 382.0 0.0 0.0 1.0 3610.41 0.0 782.5 0.0 3610.41 587.0 0.0 0.0 1.0 0.96631509831641 -0.09100642800880915 -0.2407342119990957 0.03512635390028701 0.0540062508051766 0.9862695007951209 -0.15606343798376107 -0.023907163724441904 0.2516315871263312 0.13780530418826545 0.957962025603241 -0.2288921440195968 0.0 0.0 0.0 1.0
Undistorted_SfM/0015/images/3018384583_98264ff1fd_o.jpg Undistorted_SfM/0015/images/144245474_d030ef9e44_o.jpg 0 0 7591.5 0.0 797.5 0.0 7591.5 598.0 0.0 0.0 1.0 1748.17 0.0 800.0 0.0 1748.23 592.0 0.0 0.0 1.0 0.9953964732722801 0.05560651231333059 0.07806264654400248 -2.535572169275399 -0.048229633237170444 0.9944600675315876 -0.09339741197098746 -0.026062899871879486 -0.0828236890926411 0.08920252167633902 0.9925639257255259 -0.38979727335885905 0.0 0.0 0.0 1.0
Undistorted_SfM/0015/images/1969087925_0f439b6bc7_o.jpg Undistorted_SfM/0015/images/3485283391_ffc62657fd_o.jpg 0 0 6489.92 0.0 510.5 0.0 6489.92 783.5 0.0 0.0 1.0 1566.13 0.0 484.5 0.0 1566.13 652.5 0.0 0.0 1.0 0.9879791233498568 -0.06408885963829548 -0.1406764724291548 2.3768903480046104 0.03607039659062825 0.980466073082187 -0.19335254336209326 0.539855570805672 0.15032025250990858 0.18595402013685594 0.9709917219422104 3.550541201499723 0.0 0.0 0.0 1.0
Undistorted_SfM/0015/images/2189792388_50f1cddf2a_o.jpg Undistorted_SfM/0015/images/448295385_1f1e986ff1_o.jpg 0 0 7553.15 0.0 794.0 0.0 7553.15 595.0 0.0 0.0 1.0 2028.88 0.0 800.0 0.0 2029.02 595.0 0.0 0.0 1.0 0.9873128951072205 0.05790329688962078 0.14785281655860322 -0.9365585786225442 -0.018483553506772787 0.9667201773255073 -0.2551675077307103 0.6438190006661048 -0.1577073409983245 0.24919732534891353 0.9555255557200901 4.585191583922856 0.0 0.0 0.0 1.0
Undistorted_SfM/0015/images/205994171_97b833e398_o.jpg Undistorted_SfM/0015/images/167170580_ecc2828144_o.jpg 0 0 2506.36 0.0 634.5 0.0 2506.36 475.5 0.0 0.0 1.0 4802.91 0.0 800.0 0.0 4801.87 598.5 0.0 0.0 1.0 0.8686705141292551 -0.17997154222658213 -0.4615428277754958 1.5353661754296732 0.3299655889619369 0.9051247745675002 0.2680892623085344 -0.8184386401292041 0.3695054099514883 -0.3851744883201867 0.8456396192018586 -1.5782883300591037 0.0 0.0 0.0 1.0
Undistorted_SfM/0015/images/2696052764_9a2716f136_o.jpg Undistorted_SfM/0015/images/2535770779_79e5005338_o.jpg 0 0 10748.1 0.0 800.0 0.0 10748.1 599.0 0.0 0.0 1.0 3770.33 0.0 787.5 0.0 3770.33 523.5 0.0 0.0 1.0 0.9886200879171003 -0.1244949654634771 -0.08444717485524846 -1.2343489904901976 0.10394344795770813 0.97111382835576 -0.21478755085638201 0.8519150727664155 0.10874778799335878 0.20356555688639297 0.9730030743302326 4.703688983421135 0.0 0.0 0.0 1.0
Undistorted_SfM/0015/images/3018384583_98264ff1fd_o.jpg Undistorted_SfM/0015/images/2301409835_141e19ff60_o.jpg 0 0 7591.5 0.0 797.5 0.0 7591.5 598.0 0.0 0.0 1.0 1800.68 0.0 800.0 0.0 1800.45 592.5 0.0 0.0 1.0 0.998481713320012 0.008913601238842083 -0.05435821813201747 0.9338976816557394 -0.013172637660432895 0.9968267906429019 -0.07850370101873737 -0.9594466030352786 0.05348597743895146 0.07910055100647069 0.9954307374437825 -4.61407215408223 0.0 0.0 0.0 1.0
Undistorted_SfM/0015/images/3018384583_98264ff1fd_o.jpg Undistorted_SfM/0015/images/2297517821_a1fa8307c9_o.jpg 0 0 7591.5 0.0 797.5 0.0 7591.5 598.0 0.0 0.0 1.0 1716.09 0.0 800.0 0.0 1716.29 587.5 0.0 0.0 1.0 0.9713674985397178 -0.03615502690863352 -0.23481481386387365 4.060804601910983 0.08109267694273178 0.9794530216058959 0.1846503620720584 -1.9127654092227915 0.22331404014739287 -0.19840512215241982 0.9543407394514447 -3.616206755945523 0.0 0.0 0.0 1.0
Undistorted_SfM/0015/images/2376290325_1f10c6d2ce_o.jpg Undistorted_SfM/0015/images/2826142380_d651c52f86_o.jpg 0 0 6271.78 0.0 798.0 0.0 6271.78 598.5 0.0 0.0 1.0 1215.11 0.0 800.0 0.0 1215.47 516.5 0.0 0.0 1.0 0.9564191773847154 -0.05958658703280678 -0.28585275191350684 2.381277249557086 0.046853711005453665 0.9975895442646004 -0.051184284101314426 0.40078010289549515 0.2882136133074921 0.03556036866693555 0.9569056240217788 1.8225712251086983 0.0 0.0 0.0 1.0
Undistorted_SfM/0015/images/1969087925_0f439b6bc7_o.jpg Undistorted_SfM/0015/images/2325836121_e85dbb6f79_o.jpg 0 0 6489.92 0.0 510.5 0.0 6489.92 783.5 0.0 0.0 1.0 1788.56 0.0 800.0 0.0 1787.9 594.5 0.0 0.0 1.0 0.9994457671758908 0.009353763022741969 -0.031947857385248975 0.187001656073279 -0.016657384370455577 0.9714442944527141 -0.23668230673458363 0.3344437217803911 0.028821693568017923 0.2370832973715841 0.971061697363915 2.8831396811071177 0.0 0.0 0.0 1.0
Undistorted_SfM/0015/images/2390642358_6f35ba023d_o.jpg Undistorted_SfM/0015/images/2912685234_7c4c21ee78_o.jpg 0 0 5258.74 0.0 800.0 0.0 5257.09 532.5 0.0 0.0 1.0 1548.33 0.0 800.0 0.0 1548.12 587.0 0.0 0.0 1.0 0.9986153443303141 -0.05030534881359965 -0.01538720081074359 -0.4446142201427752 0.04657733894329573 0.9814673727799531 -0.18588261797537128 0.3316669694807901 0.024452925489794216 0.18490853968694507 0.9824514676999735 1.765727596538992 0.0 0.0 0.0 1.0
Undistorted_SfM/0015/images/3413545761_535151c7b5_o.jpg Undistorted_SfM/0015/images/2269406411_a502b85cc5_o.jpg 0 0 6467.11 0.0 798.0 0.0 6467.11 598.5 0.0 0.0 1.0 2534.76 0.0 800.0 0.0 2534.14 597.5 0.0 0.0 1.0 0.9966524138209212 0.00962909760076435 -0.08118649212969828 -0.25484190505278503 -0.030580336575391602 0.9648625196749969 -0.26096965559495994 0.9960618137157273 0.07582090107527328 0.2625787474374328 0.9619270202849703 5.424888204947837 0.0 0.0 0.0 1.0
Undistorted_SfM/0015/images/3413545761_535151c7b5_o.jpg Undistorted_SfM/0015/images/3665648119_3d88cde71f_o.jpg 0 0 6467.11 0.0 798.0 0.0 6467.11 598.5 0.0 0.0 1.0 1662.67 0.0 800.0 0.0 1662.81 592.5 0.0 0.0 1.0 0.9870455042053116 0.1047420240187069 0.1215330450229352 0.22198292567273015 -0.08543464336521085 0.9843010682700403 -0.1544419914256383 1.4099748882221794 -0.1358016728215871 0.14205814093856897 0.9804985416878172 4.727966592670065 0.0 0.0 0.0 1.0
Undistorted_SfM/0015/images/389637521_82abe2d494_o.jpg Undistorted_SfM/0015/images/66518178_f9db888403_o.jpg 0 0 4614.7 0.0 800.0 0.0 4614.68 599.0 0.0 0.0 1.0 1697.66 0.0 800.0 0.0 1698.2 593.0 0.0 0.0 1.0 0.9713298444705691 -0.10167092590584287 -0.21489847851073593 0.9322749566606969 -0.0020361686572545664 0.9003470422842982 -0.4351678497627273 0.7097592201392787 0.23772712772836796 0.42312908937505705 0.8743269333988608 3.458143740273154 0.0 0.0 0.0 1.0
Undistorted_SfM/0015/images/2345276189_eecaf6d6c2_o.jpg Undistorted_SfM/0015/images/2979505208_68bf32c5c6_o.jpg 0 0 7608.32 0.0 791.0 0.0 7608.32 603.5 0.0 0.0 1.0 2008.63 0.0 800.0 0.0 2009.12 594.5 0.0 0.0 1.0 0.9980171641280229 -0.030099468467327715 0.05527894810725944 -0.8347909331264877 0.03543193716777537 0.9945389641979091 -0.09816733937867854 -0.8673963280138711 -0.05202228305639378 0.09993132987273926 0.9936334391391363 -3.8907549422057945 0.0 0.0 0.0 1.0
Undistorted_SfM/0015/images/479591564_1eb1ad6f60_o.jpg Undistorted_SfM/0015/images/1349576135_91cfa7d80a_o.jpg 0 0 4446.55 0.0 767.0 0.0 4446.55 573.5 0.0 0.0 1.0 1610.16 0.0 800.0 0.0 1610.71 591.0 0.0 0.0 1.0 0.9375308615905052 -0.1535663604287463 -0.3121750414591676 -2.070484998977628 0.11732127553541907 0.9843011740178401 -0.13185945978140406 0.689879368076719 0.3275234371340574 0.08699753888340642 0.940829329026324 4.061187367150962 0.0 0.0 0.0 1.0
Undistorted_SfM/0015/images/2423039455_2c0e80fcaf_o.jpg Undistorted_SfM/0015/images/2545457458_f99a0dccd6_o.jpg 0 0 1265.72 0.0 544.0 0.0 1265.72 360.0 0.0 0.0 1.0 5554.49 0.0 417.5 0.0 5554.49 628.0 0.0 0.0 1.0 0.9866614308277586 -0.004378140227091097 -0.16272692710510792 2.3926463711831176 0.03358573446185232 0.9836058625113413 0.17717648171802688 0.31966532522336194 0.15928345600713562 -0.18027850432448214 0.9706330107311155 1.166853121371967 0.0 0.0 0.0 1.0
Undistorted_SfM/0015/images/3018384583_98264ff1fd_o.jpg Undistorted_SfM/0015/images/2073853679_f35bb29c49_o.jpg 0 0 7591.5 0.0 797.5 0.0 7591.5 598.0 0.0 0.0 1.0 1717.85 0.0 800.0 0.0 1717.59 588.5 0.0 0.0 1.0 0.9985663455148552 -0.0030403031541535682 -0.05344165193776829 1.0941998153387618 0.0008950253000875693 0.999194443181169 -0.04012061372394361 -1.460132195546202 0.0535205804790917 0.04001526299556868 0.9977646647344134 -6.262577397844752 0.0 0.0 0.0 1.0
Undistorted_SfM/0015/images/303384643_5bb1a7a0ec_o.jpg Undistorted_SfM/0015/images/52238529_37c8237e2b_o.jpg 0 0 1723.74 0.0 642.0 0.0 1723.74 480.5 0.0 0.0 1.0 1919.38 0.0 791.5 0.0 1919.38 474.5 0.0 0.0 1.0 0.985087411110679 0.019803247320179143 0.1709111578184263 -2.024709783912788 -0.05495522718330076 0.9775351803809379 0.20348192578909546 -1.7177248900434563 -0.16304206658556253 -0.20983994498946812 0.9640458920665165 -5.360583412874984 0.0 0.0 0.0 1.0
Undistorted_SfM/0015/images/389635453_56b927cfe2_o.jpg Undistorted_SfM/0015/images/2812251450_919bb5b0ac_o.jpg 0 0 4593.99 0.0 800.0 0.0 4593.03 599.0 0.0 0.0 1.0 1295.85 0.0 800.0 0.0 1295.66 522.0 0.0 0.0 1.0 0.9998016940720486 0.018931223793591207 -0.006179101580160894 -0.004742100078878597 -0.019664743290783934 0.9875036857246852 -0.1563642176185776 0.21083363582444475 0.003141719587829018 0.15645472011364592 0.9876801355460133 1.178321634671485 0.0 0.0 0.0 1.0
Undistorted_SfM/0015/images/2658725419_457769856a_o.jpg Undistorted_SfM/0015/images/2362907762_bb9469a630_o.jpg 0 0 9091.96 0.0 798.5 0.0 9091.96 598.5 0.0 0.0 1.0 2293.98 0.0 476.5 0.0 2293.98 635.5 0.0 0.0 1.0 0.9976933430891334 -0.010141260569489568 0.06712039920688487 -0.5740157415030359 0.020003388043525663 0.9887943943291355 -0.14793752130564494 -0.40021424661213323 -0.06486800152933658 0.14893891559072048 0.9867164444764518 -2.214270738758927 0.0 0.0 0.0 1.0
Undistorted_SfM/0015/images/2696052764_9a2716f136_o.jpg Undistorted_SfM/0015/images/2175390292_555e644515_o.jpg 0 0 10748.1 0.0 800.0 0.0 10748.1 599.0 0.0 0.0 1.0 1733.98 0.0 800.0 0.0 1733.36 590.0 0.0 0.0 1.0 0.9940588644920144 -0.04249130144189733 0.1002071016775793 1.8911126353364618 0.0645992386352357 0.9712882926438812 -0.22896722678296655 0.11099311840326442 -0.08760086924565755 0.23408020393597648 0.9682626430017304 0.631319623897908 0.0 0.0 0.0 1.0
Undistorted_SfM/0015/images/3180621539_767abc2e6b_o.jpg Undistorted_SfM/0015/images/2492313401_4e912ecf9a_o.jpg 0 0 2392.41 0.0 536.0 0.0 2392.28 800.0 0.0 0.0 1.0 1797.23 0.0 800.0 0.0 1797.04 586.0 0.0 0.0 1.0 0.9751509361078027 -0.13001956243605178 -0.17937548659728944 2.727077010747613 -0.0044594577031449424 0.7979857382404152 -0.6026598334067851 0.8148395724325871 0.2214966479319057 0.5884842180966604 0.7775767229065517 8.350308060692154 0.0 0.0 0.0 1.0
Undistorted_SfM/0015/images/3018384583_98264ff1fd_o.jpg Undistorted_SfM/0015/images/138728131_7b2091047c_o.jpg 0 0 7591.5 0.0 797.5 0.0 7591.5 598.0 0.0 0.0 1.0 1606.67 0.0 800.0 0.0 1606.92 593.5 0.0 0.0 1.0 0.9941752211446188 -0.018517811799479898 -0.10617306771591214 2.8466338147190386 0.023540130074843825 0.9986526455799127 0.046246683689761606 -1.4327362534302264 0.10517362757891378 -0.04847663480895175 0.9932716264645295 -4.25670489051903 0.0 0.0 0.0 1.0
Undistorted_SfM/0015/images/1969087925_0f439b6bc7_o.jpg Undistorted_SfM/0015/images/3536283854_f6386dd610_o.jpg 0 0 6489.92 0.0 510.5 0.0 6489.92 783.5 0.0 0.0 1.0 1663.49 0.0 800.0 0.0 1663.13 598.5 0.0 0.0 1.0 0.9777037662875944 -0.0907067257327589 -0.18938752676429 3.410213897959011 0.051892005844870345 0.9782860532482575 -0.20065796208808578 -0.40265276819643997 0.20347620282590426 0.18635634662331674 0.9611809127093408 -2.651246139997158 0.0 0.0 0.0 1.0
Undistorted_SfM/0015/images/479591564_1eb1ad6f60_o.jpg Undistorted_SfM/0015/images/3323430963_ed57f87dcb_o.jpg 0 0 4446.55 0.0 767.0 0.0 4446.55 573.5 0.0 0.0 1.0 1781.48 0.0 800.0 0.0 1780.82 594.5 0.0 0.0 1.0 0.974154440894138 -0.11807451602084545 -0.19256566140585252 -1.254666486533225 0.09496680414520411 0.9875845056827317 -0.12513253072579034 0.8511155309170322 0.20494982653487834 0.10361106505502966 0.9732729914065668 4.748689481784894 0.0 0.0 0.0 1.0
Undistorted_SfM/0015/images/3413545761_535151c7b5_o.jpg Undistorted_SfM/0015/images/2578467387_f0be7e2be1_o.jpg 0 0 6467.11 0.0 798.0 0.0 6467.11 598.5 0.0 0.0 1.0 2067.13 0.0 778.5 0.0 2067.13 518.0 0.0 0.0 1.0 0.9876121341069235 0.10696777787957001 0.11480490869415838 -0.05819009706857692 -0.0652810160759267 0.9454068152448505 -0.31928724156891036 0.6830815747752279 -0.1426907898389439 0.3078373729489257 0.9406782076305591 5.649078948538295 0.0 0.0 0.0 1.0
Undistorted_SfM/0015/images/1969087925_0f439b6bc7_o.jpg Undistorted_SfM/0015/images/2461826946_e3bdfaee10_o.jpg 0 0 6489.92 0.0 510.5 0.0 6489.92 783.5 0.0 0.0 1.0 1630.55 0.0 800.0 0.0 1630.6 590.0 0.0 0.0 1.0 0.9918677895542817 -0.06764459947866944 -0.10780768157266526 2.012316475427491 0.056727696447318246 0.9932374103085284 -0.10129864371939513 -0.5446579352094949 0.11393092863873143 0.09435918039585989 0.9889975169708657 -2.109912285495618 0.0 0.0 0.0 1.0 
Undistorted_SfM/0015/images/48028783_2142293d9f_o.jpg Undistorted_SfM/0015/images/3519412089_18daa2c071_o.jpg 0 0 1600.48 0.0 800.0 0.0 1600.09 593.5 0.0 0.0 1.0 1808.57 0.0 800.0 0.0 1808.7 528.0 0.0 0.0 1.0 0.8981035982724973 -0.2656157201785231 -0.3505113635305397 1.0690158547104849 0.06848071568326297 0.8717498897759801 -0.48514175377416735 1.237690110033288 0.4344195188403735 0.41170428570712203 0.8011112674160109 9.020789749773392 0.0 0.0 0.0 1.0
Undistorted_SfM/0015/images/2696052764_9a2716f136_o.jpg Undistorted_SfM/0015/images/3635974944_b128702f4b_o.jpg 0 0 10748.1 0.0 800.0 0.0 10748.1 599.0 0.0 0.0 1.0 1091.4 0.0 800.0 0.0 1091.84 520.5 0.0 0.0 1.0 0.6681856710835591 0.22668908750184014 0.7086183504300448 -3.589073565456645 -0.22826600627770322 0.9689785453324804 -0.09473757999536424 -0.7357626686109933 -0.7081119539568884 -0.09845118736172526 0.6992029922493359 -1.5458568269797102 0.0 0.0 0.0 1.0
Undistorted_SfM/0015/images/3018384583_98264ff1fd_o.jpg Undistorted_SfM/0015/images/3159096518_744c87899e_o.jpg 0 0 7591.5 0.0 797.5 0.0 7591.5 598.0 0.0 0.0 1.0 1740.96 0.0 659.0 0.0 1740.96 487.5 0.0 0.0 1.0 0.9680639083094523 -0.02783817844770961 -0.24915317627784836 3.641111305048278 0.001964545304603796 0.9946277368008949 -0.10349785383318744 -0.5004036297718721 0.250695851561954 0.099703064180812 0.9629179035632179 -2.282266384467996 0.0 0.0 0.0 1.0
Undistorted_SfM/0015/images/1969087925_0f439b6bc7_o.jpg Undistorted_SfM/0015/images/2087060047_320bbd3696_o.jpg 0 0 6489.92 0.0 510.5 0.0 6489.92 783.5 0.0 0.0 1.0 1609.4 0.0 592.0 0.0 1609.99 800.0 0.0 0.0 1.0 0.9980818124438665 -0.024848860350478934 0.05670299646445072 0.25328768962393 0.04379385802524842 0.9307730689329442 -0.36296500127204095 0.06990981599308504 -0.043758355408190314 0.36475200930005947 0.9300758990768113 -3.031496643389988 0.0 0.0 0.0 1.0
Undistorted_SfM/0015/images/3016357975_e207c12959_o.jpg Undistorted_SfM/0015/images/2200977989_16fdf0cdbb_o.jpg 0 0 3489.6 0.0 800.0 0.0 3488.52 534.0 0.0 0.0 1.0 1361.06 0.0 523.5 0.0 1361.06 345.0 0.0 0.0 1.0 0.9856234058949307 -0.017437525958378382 -0.16805485545061802 0.2586199181604525 -0.005962456894859351 0.9904505824153186 -0.13773922063425859 0.797458950728191 0.16885186069408356 0.1367610195984474 0.9761073059139243 5.069080125102371 0.0 0.0 0.0 1.0
Undistorted_SfM/0015/images/3413545761_535151c7b5_o.jpg Undistorted_SfM/0015/images/144245474_d030ef9e44_o.jpg 0 0 6467.11 0.0 798.0 0.0 6467.11 598.5 0.0 0.0 1.0 1748.17 0.0 800.0 0.0 1748.23 592.0 0.0 0.0 1.0 0.9917308565111024 0.018331282061753502 -0.1270191809992756 -0.42808631359358484 -0.05248467323189635 0.9611256461952126 -0.2710772054260116 1.117167702329041 0.11711219970393932 0.2755021893267046 0.9541400716648979 6.366855009088061 0.0 0.0 0.0 1.0
Undistorted_SfM/0015/images/1969087925_0f439b6bc7_o.jpg Undistorted_SfM/0015/images/3206255109_c13eacc5ee_o.jpg 0 0 6489.92 0.0 510.5 0.0 6489.92 783.5 0.0 0.0 1.0 1269.53 0.0 800.0 0.0 1270.05 518.0 0.0 0.0 1.0 0.9948946674553519 0.017977002471982487 0.0993047232060347 -2.291480302651121 -0.017901211002611266 0.9998383919416035 -0.0016542805893065306 0.3651417077524299 -0.09931841376877108 -0.00013183986689100863 0.9950556945742812 0.9342382198835416 0.0 0.0 0.0 1.0
Undistorted_SfM/0015/images/3018384583_98264ff1fd_o.jpg Undistorted_SfM/0015/images/2755820233_4ef9e4a9ba_o.jpg 0 0 7591.5 0.0 797.5 0.0 7591.5 598.0 0.0 0.0 1.0 1711.78 0.0 800.0 0.0 1711.16 592.0 0.0 0.0 1.0 0.9986960672533393 -0.016579456100369188 -0.04828340178704526 0.8598816145514943 0.010409099521766031 0.9920581505257129 -0.12534862034600902 -0.5018486482605679 0.049978154226214516 0.12468258744074034 0.9909371506252163 -3.3953881831460944 0.0 0.0 0.0 1.0
Undistorted_SfM/0015/images/479591780_e4fc8a42ae_o.jpg Undistorted_SfM/0015/images/2297641518_b9fa482bd5_o.jpg 0 0 5190.8 0.0 579.0 0.0 5190.8 774.0 0.0 0.0 1.0 1762.02 0.0 800.0 0.0 1761.67 594.0 0.0 0.0 1.0 0.9998393325914844 0.01029606196782224 0.014673108429003361 0.009682685537872437 -0.007777095513675662 0.9866912664349126 -0.162418784401434 0.7653515762422128 -0.01615010180728563 0.16227857483051517 0.9866128107634681 4.4652146349705 0.0 0.0 0.0 1.0
Undistorted_SfM/0015/images/3016357975_e207c12959_o.jpg Undistorted_SfM/0015/images/149746416_ee35b4d9ae_o.jpg 0 0 3489.6 0.0 800.0 0.0 3488.52 534.0 0.0 0.0 1.0 1409.99 0.0 658.5 0.0 1409.99 473.5 0.0 0.0 1.0 0.9976839972743704 0.027996772917044242 -0.06199050160199023 -0.5012221968692985 -0.03606204018032752 0.9904502834927662 -0.13307052711675754 0.8246781607643372 0.05767296455591078 0.1349978393728239 0.9891660186864503 5.189602825925524 0.0 0.0 0.0 1.0
Undistorted_SfM/0015/images/3018384583_98264ff1fd_o.jpg Undistorted_SfM/0015/images/2959733121_2a804e7d1c_o.jpg 0 0 7591.5 0.0 797.5 0.0 7591.5 598.0 0.0 0.0 1.0 1709.43 0.0 591.5 0.0 1709.78 800.0 0.0 0.0 1.0 0.9949626535940308 0.017015659335765577 0.09879162560912452 -1.2507174176976776 -0.021454479007442476 0.9987991946568389 0.04404400167297911 -1.067678590244432 -0.09792355836898223 -0.04594165963718941 0.9941329592293664 -2.9969800239564757 0.0 0.0 0.0 1.0
Undistorted_SfM/0015/images/3413545761_535151c7b5_o.jpg Undistorted_SfM/0015/images/841724048_215c0913c4_o.jpg 0 0 6467.11 0.0 798.0 0.0 6467.11 598.5 0.0 0.0 1.0 1112.21 0.0 392.0 0.0 1112.21 533.0 0.0 0.0 1.0 0.9302370389932696 0.1820264608559109 0.3186305365675188 -1.7685893731036275 -0.12271270714973691 0.9726171605027959 -0.19737641854958618 -0.44368620372803314 -0.3458332586507784 0.14450683943588982 0.927101467244677 -1.7027046198094569 0.0 0.0 0.0 1.0
Undistorted_SfM/0015/images/3413545761_535151c7b5_o.jpg Undistorted_SfM/0015/images/3511130064_16059fefec_o.jpg 0 0 6467.11 0.0 798.0 0.0 6467.11 598.5 0.0 0.0 1.0 2221.32 0.0 595.5 0.0 2221.57 800.0 0.0 0.0 1.0 0.984357568247602 -0.05367819819426174 -0.1678059262132433 1.5872242707082074 0.025369986232783814 0.9857163809203651 -0.16649198234091095 1.778269076588522 0.17434603990975897 0.15963040883201218 0.9716591948537866 5.856485059649388 0.0 0.0 0.0 1.0
Undistorted_SfM/0015/images/3018384583_98264ff1fd_o.jpg Undistorted_SfM/0015/images/2876332116_d90384ab69_o.jpg 0 0 7591.5 0.0 797.5 0.0 7591.5 598.0 0.0 0.0 1.0 1593.28 0.0 800.0 0.0 1593.44 590.5 0.0 0.0 1.0 0.9557098364786303 -0.046720129999779925 -0.29057862603913864 3.9139470063142774 0.052779787899586234 0.9985209431123097 0.0130468446521932 -1.051934335734086 0.28953929344264245 -0.02780567601960859 0.9567621658143827 -3.1668678092264484 0.0 0.0 0.0 1.0
Undistorted_SfM/0015/images/2189792388_50f1cddf2a_o.jpg Undistorted_SfM/0015/images/2874255043_f436b313fb_o.jpg 0 0 7553.15 0.0 794.0 0.0 7553.15 595.0 0.0 0.0 1.0 1946.26 0.0 800.0 0.0 1946.11 529.5 0.0 0.0 1.0 0.9905965342208781 -0.02312118158829828 -0.13484775619767034 1.4376996647678308 0.003474650997341304 0.9895505090703142 -0.1441447772176586 -0.1954151310790726 0.1367714633614486 0.14232076784729167 0.9803256427582245 -0.11187710050411015 0.0 0.0 0.0 1.0
Undistorted_SfM/0015/images/2376290325_1f10c6d2ce_o.jpg Undistorted_SfM/0015/images/2811393705_fc1d64747e_o.jpg 0 0 6271.78 0.0 798.0 0.0 6271.78 598.5 0.0 0.0 1.0 1280.07 0.0 800.0 0.0 1279.64 517.0 0.0 0.0 1.0 0.8808857269764125 -0.11226114755867078 -0.45982363005618515 6.81499313164611 0.08713542964530767 0.9933249380151709 -0.07558428684379047 -0.5622107788549862 0.4652394576019588 0.026514189898375354 0.8847876834722938 -2.099838160346503 0.0 0.0 0.0 1.0
Undistorted_SfM/0015/images/479591780_e4fc8a42ae_o.jpg Undistorted_SfM/0015/images/2812251450_919bb5b0ac_o.jpg 0 0 5190.8 0.0 579.0 0.0 5190.8 774.0 0.0 0.0 1.0 1295.85 0.0 800.0 0.0 1295.66 522.0 0.0 0.0 1.0 0.9967022460946289 0.015116015205563906 0.07972539566679604 -0.9725221091689529 -0.004560553603466169 0.991378261656533 -0.13095168447064975 0.1489859763014369 -0.08101749181968007 0.13015624610127588 0.988177877520071 0.7384085077797393 0.0 0.0 0.0 1.0
Undistorted_SfM/0015/images/2183181601_581f321c75_o.jpg Undistorted_SfM/0015/images/317786294_ce2a9cf79c_o.jpg 0 0 1068.75 0.0 528.0 0.0 1068.75 358.0 0.0 0.0 1.0 1654.8 0.0 800.0 0.0 1654.36 591.0 0.0 0.0 1.0 0.9893412607296286 -0.04186683136222203 0.13946697906528568 -2.603830414990139 0.00047403132741595424 0.9586966522416407 0.28443013953336793 -3.629896856624576 -0.1456147146143212 -0.28133236111822923 0.9484980007756645 -6.992943970261022 0.0 0.0 0.0 1.0
Undistorted_SfM/0015/images/2376290325_1f10c6d2ce_o.jpg Undistorted_SfM/0015/images/3602442955_5305b75580_o.jpg 0 0 6271.78 0.0 798.0 0.0 6271.78 598.5 0.0 0.0 1.0 1321.74 0.0 800.0 0.0 1321.86 592.5 0.0 0.0 1.0 0.9751644395045294 -0.05345458669953708 -0.214934694934527 4.327302019491812 0.04694937882190784 0.9982746903169549 -0.03526185617384066 -0.7940075551889996 0.21644877397216536 0.024295057797200304 0.975991638495216 -2.951217497464943 0.0 0.0 0.0 1.0
Undistorted_SfM/0015/images/389635453_56b927cfe2_o.jpg Undistorted_SfM/0015/images/3056331888_e7f4c11bb3_o.jpg 0 0 4593.99 0.0 800.0 0.0 4593.03 599.0 0.0 0.0 1.0 1572.75 0.0 800.0 0.0 1572.18 590.0 0.0 0.0 1.0 0.9958024033564439 -0.0032938069728444402 0.09146979996236843 -0.34953671968866173 0.02095939333266871 0.9810038882925908 -0.19285246948365728 0.7268912725526084 -0.08909701061571333 0.19396010412052309 0.9769550658596837 5.077874185205107 0.0 0.0 0.0 1.0
Undistorted_SfM/0015/images/2696052764_9a2716f136_o.jpg Undistorted_SfM/0015/images/4001663691_8460da38bb_o.jpg 0 0 10748.1 0.0 800.0 0.0 10748.1 599.0 0.0 0.0 1.0 1865.53 0.0 800.0 0.0 1865.14 446.5 0.0 0.0 1.0 0.9382532781971703 0.07907905186789288 0.33678968141547705 -0.09379700960293497 -0.01866089446537428 0.9836752678392112 -0.17898250880800717 0.30223795171975365 -0.34544544716932607 0.16164612892714536 0.9244122305729479 1.5041961362824474 0.0 0.0 0.0 1.0
Undistorted_SfM/0015/images/3413545761_535151c7b5_o.jpg Undistorted_SfM/0015/images/389635223_1213f76125_o.jpg 0 0 6467.11 0.0 798.0 0.0 6467.11 598.5 0.0 0.0 1.0 1918.98 0.0 800.0 0.0 1918.6 594.0 0.0 0.0 1.0 0.9784112825320023 -0.04015539658032666 -0.2027286519946264 1.9654070307729223 -0.016867019651006197 0.9621544622255486 -0.2719821583625624 0.3253619615757589 0.2059778285694221 0.2695298405463522 0.9407054795167737 2.2944319827238076 0.0 0.0 0.0 1.0
Undistorted_SfM/0015/images/2658725419_457769856a_o.jpg Undistorted_SfM/0015/images/2795417037_fd80a23e35_o.jpg 0 0 9091.96 0.0 798.5 0.0 9091.96 598.5 0.0 0.0 1.0 2085.31 0.0 800.0 0.0 2085.82 594.5 0.0 0.0 1.0 0.996761405113198 -0.007734131194255373 0.08004301650633447 -0.6661212461219914 0.02323470154168809 0.9806101484015926 -0.19458644735971506 0.6800069046232209 -0.0769860371822837 0.19581603628527597 0.9776140496190158 4.24935128224625 0.0 0.0 0.0 1.0
Undistorted_SfM/0015/images/1969087925_0f439b6bc7_o.jpg Undistorted_SfM/0015/images/215039174_469f107570_o.jpg 0 0 6489.92 0.0 510.5 0.0 6489.92 783.5 0.0 0.0 1.0 1210.39 0.0 800.0 0.0 1210.62 521.5 0.0 0.0 1.0 0.7676771159890602 -0.212294442562171 -0.6046510690009037 1.388014120623058 0.1472805653475569 0.9767247011645778 -0.15594003079988816 0.7332069670577892 0.62368283659054 0.030658241831245703 0.7810760472260011 3.2128243717069367 0.0 0.0 0.0 1.0
Undistorted_SfM/0015/images/478692935_c0c955367a_o.jpg Undistorted_SfM/0015/images/478697621_413a7b66fb_o.jpg 0 0 4886.08 0.0 791.5 0.0 4886.08 527.5 0.0 0.0 1.0 1481.96 0.0 800.0 0.0 1481.64 527.0 0.0 0.0 1.0 0.9649236668185629 0.04828348941982805 0.2580523626376339 0.16610722841344705 -0.03835172946118716 0.9983219723386766 -0.043386454028308694 0.27863070351421304 -0.2597141930290977 0.03196786191255194 0.9651562535382471 2.4332435506702326 0.0 0.0 0.0 1.0
Undistorted_SfM/0015/images/2696048146_7a0eed5649_o.jpg Undistorted_SfM/0015/images/2144101292_2e7ddae58e_o.jpg 0 0 10139.7 0.0 800.0 0.0 10139.7 599.5 0.0 0.0 1.0 1731.94 0.0 589.5 0.0 1731.64 800.0 0.0 0.0 1.0 0.9678487067774363 -0.07974239699580324 -0.23855823379336075 0.013073356593590262 0.003452979152733573 0.9525397597576019 -0.30439461725842154 -0.021210920796761956 0.25150935911853234 0.29378420005557454 0.9221897234699002 1.2990559454489992 0.0 0.0 0.0 1.0
Undistorted_SfM/0015/images/2658725419_457769856a_o.jpg Undistorted_SfM/0015/images/2944951677_38bc5ffd65_o.jpg 0 0 9091.96 0.0 798.5 0.0 9091.96 598.5 0.0 0.0 1.0 2000.35 0.0 800.0 0.0 2000.84 594.5 0.0 0.0 1.0 0.9660957609633031 -0.0753136145983565 -0.24695513783856954 3.158298125517589 0.06221265589473296 0.9962310925402516 -0.06044167190424324 -0.148140752354044 0.2505764675608231 0.04302870800043695 0.9671400954321733 -0.5006444225173137 0.0 0.0 0.0 1.0
Undistorted_SfM/0015/images/3018384583_98264ff1fd_o.jpg Undistorted_SfM/0015/images/537712827_f80d0012cf_o.jpg 0 0 7591.5 0.0 797.5 0.0 7591.5 598.0 0.0 0.0 1.0 1791.59 0.0 800.0 0.0 1791.87 593.5 0.0 0.0 1.0 0.9963666525800509 0.031762245197078355 0.07902311944276195 0.3775718255035146 -0.025204159408128684 0.9962602704193171 -0.08264516883980036 0.79171092054432 -0.08135259046246773 0.08035317892946202 0.9934410514272982 4.417339882186897 0.0 0.0 0.0 1.0
Undistorted_SfM/0015/images/2189792388_50f1cddf2a_o.jpg Undistorted_SfM/0015/images/2429046426_eddd69687b_o.jpg 0 0 7553.15 0.0 794.0 0.0 7553.15 595.0 0.0 0.0 1.0 1836.47 0.0 800.0 0.0 1837.15 527.0 0.0 0.0 1.0 0.9919659497328499 0.06089191821837048 0.11088610763432967 -1.0938343289551464 -0.029197480729308802 0.9630697321238669 -0.2676643386518357 0.48311679786718914 -0.12308964899481395 0.26227631490958175 0.9571102720939648 3.763286548233965 0.0 0.0 0.0 1.0
Undistorted_SfM/0015/images/479591564_1eb1ad6f60_o.jpg Undistorted_SfM/0015/images/487936202_fb73f4d598_o.jpg 0 0 4446.55 0.0 767.0 0.0 4446.55 573.5 0.0 0.0 1.0 1585.48 0.0 800.0 0.0 1585.3 590.5 0.0 0.0 1.0 0.8798295440445486 -0.17866317316623276 -0.4404309752736908 -0.9554001714590079 0.1460441006072636 0.9834530492823228 -0.10719711066589599 0.8243445299361173 0.4522953615771193 0.029992839336642204 0.8913637503759895 3.716951988024129 0.0 0.0 0.0 1.0
Undistorted_SfM/0015/images/2704335322_1a11018a73_o.jpg Undistorted_SfM/0015/images/2184087582_a168e15dfd_o.jpg 0 0 3886.44 0.0 793.5 0.0 3886.44 595.0 0.0 0.0 1.0 1329.81 0.0 655.5 0.0 1329.81 486.0 0.0 0.0 1.0 0.9993303225152909 0.029360025799010554 -0.021837934576482653 0.46710994885513424 -0.032284463035581745 0.9883775868139789 -0.14855120103950561 1.1009263724144565 0.017222657982711484 0.14915674563645084 0.9886635652653304 5.048649673112858 0.0 0.0 0.0 1.0
Undistorted_SfM/0015/images/48028783_2142293d9f_o.jpg Undistorted_SfM/0015/images/330734230_843d97598d_o.jpg 0 0 1600.48 0.0 800.0 0.0 1600.09 593.5 0.0 0.0 1.0 1776.31 0.0 800.0 0.0 1776.77 595.0 0.0 0.0 1.0 0.9260154497017737 -0.23012691919092834 -0.29922731823367027 1.8832269803672324 0.04068767785080618 0.8489154697483942 -0.5269601864400884 0.7413388922594886 0.37528642366162296 0.47579840929279676 0.7954721704306904 9.186175590171558 0.0 0.0 0.0 1.0
Undistorted_SfM/0015/images/1969087925_0f439b6bc7_o.jpg Undistorted_SfM/0015/images/3770146578_ae6fd22e31_o.jpg 0 0 6489.92 0.0 510.5 0.0 6489.92 783.5 0.0 0.0 1.0 1540.22 0.0 800.0 0.0 1539.65 594.5 0.0 0.0 1.0 0.9793650602159137 0.011154753196317493 0.2017911056251211 0.3578583724109372 0.007080407771332038 0.9959688716133046 -0.08941965445645844 0.3393736579819157 -0.20197511394741474 0.08900324858368948 0.9753381337195213 1.2200752149416576 0.0 0.0 0.0 1.0
Undistorted_SfM/0022/images/3808398518_aa1b40a6a0_o.jpg Undistorted_SfM/0022/images/557685972_9ce5d71315_o.jpg 0 0 1310.11 0.0 640.0 0.0 1309.56 479.5 0.0 0.0 1.0 6742.08 0.0 640.0 0.0 6741.93 477.5 0.0 0.0 1.0 0.9837478080425772 0.02366754070017689 0.17798903811367126 -0.9908062843525403 -0.039792360997176104 0.9953626083320648 0.08757765662918249 0.36411262982288345 -0.17509088547864185 -0.09323693180062302 0.980127571477668 1.0117631467795838 0.0 0.0 0.0 1.0
Undistorted_SfM/0022/images/2919404063_e9bf98a6cb_o.jpg Undistorted_SfM/0022/images/2941541684_6b0283a313_o.jpg 0 0 4275.42 0.0 640.0 0.0 4275.09 426.5 0.0 0.0 1.0 2234.45 0.0 640.0 0.0 2234.25 424.5 0.0 0.0 1.0 0.9828765616808716 -0.0615412041162371 -0.1736846127160128 0.8443701524019064 -0.009143142215462604 0.9251302605893986 -0.379539726368952 0.7160548746172347 0.1840382227930262 0.3746287243895144 0.9087261696536914 6.145882516608468 0.0 0.0 0.0 1.0
Undistorted_SfM/0022/images/2464627575_604e98f303_o.jpg Undistorted_SfM/0022/images/2070556147_a34ef98774_o.jpg 0 0 2529.19 0.0 640.0 0.0 2529.7 479.0 0.0 0.0 1.0 6356.33 0.0 636.5 0.0 6356.33 477.0 0.0 0.0 1.0 0.9990656529143652 0.017604868785021693 0.03947011226048719 -0.4797211679563443 -0.02543300596924497 0.977884647808372 0.20759281728437623 -1.6634990630167827 -0.034942572517799 -0.20840269714127546 0.9774187088705025 -4.105998282468707 0.0 0.0 0.0 1.0
Undistorted_SfM/0022/images/1433639911_6088e4c46d_o.jpg Undistorted_SfM/0022/images/760865316_8d75d07010_o.jpg 0 0 1028.95 0.0 640.0 0.0 1028.87 477.0 0.0 0.0 1.0 3772.96 0.0 640.0 0.0 3771.4 479.5 0.0 0.0 1.0 0.9907778385957949 0.011278669395073113 0.1350261684419799 -0.37957746294597905 -0.06252930292149841 0.9221296128700563 0.38179453027023813 -0.579147199754944 -0.12020549414896464 -0.3867166516776811 0.9143308320797273 -0.847746020194232 0.0 0.0 0.0 1.0
Undistorted_SfM/0022/images/760865316_8d75d07010_o.jpg Undistorted_SfM/0022/images/312975294_154b7c3f96_o.jpg 0 0 3772.96 0.0 640.0 0.0 3771.4 479.5 0.0 0.0 1.0 1233.5 0.0 640.0 0.0 1233.64 470.0 0.0 0.0 1.0 0.9995460729826975 -0.020940649505643186 0.02165957486078515 0.1310705562776302 0.028809613295453448 0.8746626662670897 -0.48387521781995824 0.3632804314326856 -0.008812160157111492 0.48427957776146974 0.8748689252662584 2.354367742185614 0.0 0.0 0.0 1.0
Undistorted_SfM/0022/images/307036457_51029c5b2b_o.jpg Undistorted_SfM/0022/images/31347159_2b1df19c1d_o.jpg 0 0 959.349 0.0 640.0 0.0 959.436 408.5 0.0 0.0 1.0 8162.42 0.0 640.0 0.0 8159.01 479.5 0.0 0.0 1.0 0.8767127113571395 -0.20453603659830294 -0.4353617248650496 2.78900998187002 0.15344788575687612 0.9767261083176977 -0.14986612588343576 0.9497972931230181 0.4558821866464604 0.06458420134384855 0.8876938170536163 2.5277010239313094 0.0 0.0 0.0 1.0
Undistorted_SfM/0022/images/2642193090_8f2c7bf55f_o.jpg Undistorted_SfM/0022/images/277111797_cf5dc61599_o.jpg 0 0 1283.94 0.0 588.5 0.0 1283.94 387.0 0.0 0.0 1.0 4051.86 0.0 506.5 0.0 4051.86 379.5 0.0 0.0 1.0 0.8397904173633723 0.10203135543210103 0.5332369617846658 -3.282441188412317 -0.23548593892170588 0.953435922917225 0.18843119025559973 0.14282631532083245 -0.4891813850452769 -0.283812514522647 0.824713301169271 -0.07691635618894854 0.0 0.0 0.0 1.0
Undistorted_SfM/0022/images/3713497541_ab9fcd2ec4_o.jpg Undistorted_SfM/0022/images/3899406056_3dfd5b4ab6_o.jpg 0 0 1387.45 0.0 640.0 0.0 1387.59 472.5 0.0 0.0 1.0 3885.48 0.0 640.0 0.0 3886.18 413.5 0.0 0.0 1.0 0.996786886014337 -0.027729581815036677 0.07514635162271478 -0.3777915675389942 -0.014129400463397763 0.8625818003693745 0.5057202761547861 -1.3257213474257896 -0.07884328704706849 -0.5051571121580805 0.8594184243566819 -1.5044909418196812 0.0 0.0 0.0 1.0
Undistorted_SfM/0022/images/511248029_542f26462d_o.jpg Undistorted_SfM/0022/images/307038065_5e0909f0df_o.jpg 0 0 3894.26 0.0 640.0 0.0 3895.79 478.5 0.0 0.0 1.0 1045.24 0.0 640.0 0.0 1045.25 412.0 0.0 0.0 1.0 0.8782462552556514 0.2657336380591217 0.3975791100313106 -1.6492643480354323 -0.1364733809651018 0.9360933806909986 -0.3241977774668597 0.7837366521912909 -0.4583214280582782 0.23046651867540516 0.8583860741835573 2.8025258305023386 0.0 0.0 0.0 1.0
Undistorted_SfM/0022/images/31347159_2b1df19c1d_o.jpg Undistorted_SfM/0022/images/2732702365_063c4832b0_o.jpg 0 0 8162.42 0.0 640.0 0.0 8159.01 479.5 0.0 0.0 1.0 1370.22 0.0 640.0 0.0 1370.52 473.5 0.0 0.0 1.0 0.987109794013302 -0.014393310303671416 -0.15939600742025775 1.319603880988011 0.004206939063526759 0.9979371812101994 -0.06406000329345411 -0.7585509858735218 0.15998923784658894 0.06256368736530654 0.9851341171619851 -2.9133935293784257 0.0 0.0 0.0 1.0
Undistorted_SfM/0022/images/3268325681_12e8da16a5_o.jpg Undistorted_SfM/0022/images/981256188_8f690e95b1_o.jpg 0 0 579.33 0.0 414.0 0.0 579.211 640.0 0.0 0.0 1.0 3467.88 0.0 640.0 0.0 3467.88 480.0 0.0 0.0 1.0 0.5370469284515164 -0.509269280373322 -0.6724770603588133 2.7173756680914707 0.47472287050460743 0.8414388730626103 -0.25810621673836154 1.0808903367964608 0.6972939070870029 -0.18062508952845746 0.6936539368966194 1.623066401601453 0.0 0.0 0.0 1.0
Undistorted_SfM/0022/images/2473048325_239578c0a9_o.jpg Undistorted_SfM/0022/images/760865316_8d75d07010_o.jpg 0 0 957.308 0.0 640.0 0.0 956.774 414.0 0.0 0.0 1.0 3772.96 0.0 640.0 0.0 3771.4 479.5 0.0 0.0 1.0 0.9973023851977808 0.024049074542936102 0.06935124002096467 -0.5141692891189636 -0.04837804659637568 0.925917010251863 0.3746161431836194 -0.3913517311170527 -0.05520432126506088 -0.3769606506518675 0.9245826900682191 -0.5430241840705521 0.0 0.0 0.0 1.0
Undistorted_SfM/0022/images/1433639911_6088e4c46d_o.jpg Undistorted_SfM/0022/images/479390531_a237b6b5f4_o.jpg 0 0 1028.95 0.0 640.0 0.0 1028.87 477.0 0.0 0.0 1.0 3764.88 0.0 640.0 0.0 3766.45 480.0 0.0 0.0 1.0 0.9868986501742861 0.019305562141776898 0.16018223857395206 -0.477753415310587 -0.07573225645242018 0.9320761984626845 0.3542577953863198 -0.5314697825931067 -0.1424629061082125 -0.3617475024512827 0.9213267959054823 -0.8427440293016755 0.0 0.0 0.0 1.0
Undistorted_SfM/0022/images/511248029_542f26462d_o.jpg Undistorted_SfM/0022/images/2927309780_0aca5feae8_o.jpg 0 0 3894.26 0.0 640.0 0.0 3895.79 478.5 0.0 0.0 1.0 2656.87 0.0 640.0 0.0 2656.35 479.5 0.0 0.0 1.0 0.9995566431032974 -0.0016095638015881412 0.029730901978171402 -0.15704319639090053 0.016859188429444154 0.8536378955008808 -0.5205939983618021 0.5487823068805554 -0.02454149534090202 0.5208644283008736 0.853286565192044 9.077393009334163 0.0 0.0 0.0 1.0
Undistorted_SfM/0022/images/501186144_fa7a31146e_o.jpg Undistorted_SfM/0022/images/749377193_506da149f0_o.jpg 0 0 1295.49 0.0 640.0 0.0 1295.6 474.0 0.0 0.0 1.0 7060.95 0.0 640.0 0.0 7058.02 449.5 0.0 0.0 1.0 0.998322484358978 -0.028554580624597894 -0.0503671832513185 0.1771201690622285 0.03955438337191038 0.9716345567219706 0.23315603989553368 0.18070612703057165 0.04228082283242013 -0.23475715986749607 0.9711340833847611 0.363360382346128 0.0 0.0 0.0 1.0
Undistorted_SfM/0022/images/249915585_1c6fd2a91b_o.jpg Undistorted_SfM/0022/images/3261184450_9246a192c4_o.jpg 0 0 1421.88 0.0 640.0 0.0 1421.92 475.5 0.0 0.0 1.0 8440.0 0.0 640.0 0.0 8443.49 538.0 0.0 0.0 1.0 0.9450670834836568 -0.040793732362014334 0.32432095078127654 -2.197782543458227 -0.014374201464189336 0.9860358326684204 0.1659117808540474 0.014041936464045932 -0.32656023953929497 -0.16145961753290167 0.9312836312628754 0.8019801621182063 0.0 0.0 0.0 1.0
Undistorted_SfM/0022/images/2508509466_989c3d0719_o.jpg Undistorted_SfM/0022/images/3074969160_feb757b901_o.jpg 0 0 3817.09 0.0 640.0 0.0 3815.51 479.5 0.0 0.0 1.0 1351.98 0.0 640.0 0.0 1352.66 476.5 0.0 0.0 1.0 0.7621164802405124 -0.41573329890324906 -0.496330831934542 1.7948172930534552 0.1467699763188673 0.8575841426669788 -0.4929584285692883 0.7214288605187436 0.6305846847150446 0.3028452780367635 0.7145961747544299 2.0132054072115118 0.0 0.0 0.0 1.0
Undistorted_SfM/0022/images/2418898447_014cb125cd_o.jpg Undistorted_SfM/0022/images/2814711330_caf820aefa_o.jpg 0 0 575.848 0.0 640.0 0.0 575.634 418.5 0.0 0.0 1.0 2495.04 0.0 509.0 0.0 2495.04 339.0 0.0 0.0 1.0 0.9945770482163571 0.055015393209522444 0.08825985311136483 -0.4880094953263858 -0.058816173667688106 0.9974242452864442 0.041055238762666875 -0.22547740631966806 -0.08577384727485653 -0.04602370503087348 0.9952510566178271 -0.16604950559910758 0.0 0.0 0.0 1.0
Undistorted_SfM/0022/images/2469630935_47be8ab37a_o.jpg Undistorted_SfM/0022/images/2142630166_31a7f8bf33_o.jpg 0 0 1313.53 0.0 640.0 0.0 1314.15 476.0 0.0 0.0 1.0 4931.52 0.0 640.0 0.0 4932.0 359.0 0.0 0.0 1.0 0.9998077579243315 0.008332890845525921 -0.017748524571859926 0.22687614424798963 -0.0027824266014243445 0.9563354784259153 0.2922579525112763 -0.2470174165737713 0.019408897354797113 -0.29215238426895 0.9561748161656625 -0.4447241240505462 0.0 0.0 0.0 1.0
Undistorted_SfM/0022/images/388668445_834615eff6_o.jpg Undistorted_SfM/0022/images/319538081_654369b7a2_o.jpg 0 0 1476.14 0.0 640.0 0.0 1476.4 475.0 0.0 0.0 1.0 4058.14 0.0 640.0 0.0 4059.84 479.5 0.0 0.0 1.0 0.8751510580285757 -0.09162111267710488 -0.47509598750491855 3.44159345267073 0.19511661017076135 0.9653572707273239 0.1732479387737792 -1.5243560708884545 0.44276419691178254 -0.24431723550683274 0.8627102377782259 -1.820881783683382 0.0 0.0 0.0 1.0
Undistorted_SfM/0022/images/2508509466_989c3d0719_o.jpg Undistorted_SfM/0022/images/3807007505_da137a5cb3_o.jpg 0 0 3817.09 0.0 640.0 0.0 3815.51 479.5 0.0 0.0 1.0 1814.95 0.0 640.0 0.0 1815.67 478.5 0.0 0.0 1.0 0.9966859600069787 0.029660758282786 -0.0757452080534282 0.10260300605186556 -0.06559754785922751 0.8437117910815009 -0.5327732869663249 0.945863362383249 0.04810466546836526 0.5359763548964971 0.8428613694742695 3.4387560956364567 0.0 0.0 0.0 1.0
Undistorted_SfM/0022/images/2732702365_063c4832b0_o.jpg Undistorted_SfM/0022/images/2271881942_2dec387cc0_o.jpg 0 0 1370.22 0.0 640.0 0.0 1370.52 473.5 0.0 0.0 1.0 5761.25 0.0 599.0 0.0 5761.25 449.0 0.0 0.0 1.0 0.9883315797194745 0.010539320134952996 0.1519526612478403 -0.7364349747363192 -0.050024294261447416 0.9647270343313176 0.2584556426428813 -0.12128526215735735 -0.143868893485882 -0.2630411982207228 0.9539974158905015 -0.15126338790985194 0.0 0.0 0.0 1.0
Undistorted_SfM/0022/images/2415654069_7515075a87_o.jpg Undistorted_SfM/0022/images/2884833200_7f94632175_o.jpg 0 0 6897.53 0.0 640.0 0.0 6900.42 480.0 0.0 0.0 1.0 1303.85 0.0 640.0 0.0 1304.49 472.5 0.0 0.0 1.0 0.9997930571613123 0.0014320137256401517 -0.020292663421220176 0.12979748665738502 -0.005573758400870365 0.9786303716043685 -0.2055517671799111 0.03223498073649954 0.019564663792819858 0.20562233611693378 0.9784358327557758 -0.0020869087242344486 0.0 0.0 0.0 1.0
Undistorted_SfM/0022/images/106707051_251e89b83a_o.jpg Undistorted_SfM/0022/images/749377193_506da149f0_o.jpg 0 0 2112.38 0.0 640.0 0.0 2112.81 479.0 0.0 0.0 1.0 7060.95 0.0 640.0 0.0 7058.02 449.5 0.0 0.0 1.0 0.9056245022867853 -0.02467877938239037 -0.4233618059131074 3.4218921992582554 0.16652635558456805 0.938812845923878 0.30149529552553683 -1.2031438559578904 0.3900169659816536 -0.3435424255845325 0.8543215835210777 -2.173246322057209 0.0 0.0 0.0 1.0
Undistorted_SfM/0022/images/2112336447_e3c53d8285_o.jpg Undistorted_SfM/0022/images/3189445523_abe1978588_o.jpg 0 0 3127.11 0.0 510.5 0.0 3127.11 382.5 0.0 0.0 1.0 875.167 0.0 640.0 0.0 875.35 480.0 0.0 0.0 1.0 0.9998455325962533 -0.009624578552978151 -0.014706407956809648 0.15827074524457402 0.0042168162822908166 0.943660672776873 -0.3308878255764945 0.2385778717112026 0.017062514696139255 0.33077469997261993 0.9435554930422837 0.9280934603946989 0.0 0.0 0.0 1.0
Undistorted_SfM/0022/images/513612717_7e8b045772_o.jpg Undistorted_SfM/0022/images/2979728750_97c83c8400_o.jpg 0 0 930.311 0.0 417.0 0.0 929.998 640.0 0.0 0.0 1.0 5568.64 0.0 640.0 0.0 5570.84 478.5 0.0 0.0 1.0 0.9677647015948673 -0.012934498429068976 0.2515237187570704 -1.2685388637679769 -0.043908213704371965 0.9747215267231665 0.219066232248949 0.9622467082094416 -0.24799909499086611 -0.22304852407681983 0.9427331567261563 2.4423992012155646 0.0 0.0 0.0 1.0
Undistorted_SfM/0022/images/2642193090_8f2c7bf55f_o.jpg Undistorted_SfM/0022/images/571948952_6247341d9f_o.jpg 0 0 1283.94 0.0 588.5 0.0 1283.94 387.0 0.0 0.0 1.0 4691.24 0.0 640.0 0.0 4693.2 480.0 0.0 0.0 1.0 0.8727850131657214 0.08985651601854805 0.47976257390746924 -2.821168495771973 -0.19995851320939356 0.962467693930325 0.18350076603526988 0.16974412055477683 -0.44526723862013495 -0.2560893294720624 0.8579949542638052 0.12961004519006292 0.0 0.0 0.0 1.0
Undistorted_SfM/0022/images/749377193_506da149f0_o.jpg Undistorted_SfM/0022/images/12003890_f6c899bec0_o.jpg 0 0 7060.95 0.0 640.0 0.0 7058.02 449.5 0.0 0.0 1.0 2876.17 0.0 640.0 0.0 2874.96 479.0 0.0 0.0 1.0 0.9999631558393715 0.0004663531798596616 -0.008571433863527642 0.03531581285212326 -0.0035929553799410015 0.9295868630947164 -0.3685856137091664 0.9130940724366546 0.007796001244416687 0.36860283026102325 0.9295542888331808 6.488358997747415 0.0 0.0 0.0 1.0
Undistorted_SfM/0022/images/448211925_371108e85a_o.jpg Undistorted_SfM/0022/images/2271881942_2dec387cc0_o.jpg 0 0 1575.74 0.0 474.5 0.0 1575.03 640.0 0.0 0.0 1.0 5761.25 0.0 599.0 0.0 5761.25 449.0 0.0 0.0 1.0 0.9984860281529755 0.005316139254247689 0.05474842688812976 -0.349257009001248 -0.02376784826562792 0.9393032907670515 0.34226366640794587 -0.7648718197740279 -0.0496058562280456 -0.34304674115580364 0.9380075652201669 -1.25791702758726 0.0 0.0 0.0 1.0
Undistorted_SfM/0022/images/402462375_fc3c6e17a1_o.jpg Undistorted_SfM/0022/images/2516964254_b7eb465903_o.jpg 0 0 1173.13 0.0 640.0 0.0 1172.92 475.5 0.0 0.0 1.0 4687.11 0.0 640.0 0.0 4686.15 479.5 0.0 0.0 1.0 0.9511621580776046 -0.04127913500872384 -0.3059192410654895 1.6420482253465811 0.11292287782657832 0.9688586450655113 0.22036639840317127 -0.44631100912302846 0.28729596708710897 -0.24414946015658745 0.9262030384320329 -0.7012856937144036 0.0 0.0 0.0 1.0
Undistorted_SfM/0022/images/1469603948_0052cdbe5d_o.jpg Undistorted_SfM/0022/images/1433639911_6088e4c46d_o.jpg 0 0 6365.45 0.0 640.0 0.0 6366.98 426.5 0.0 0.0 1.0 1028.95 0.0 640.0 0.0 1028.87 477.0 0.0 0.0 1.0 0.9956110794198153 -0.03154508223458792 -0.08811064818353685 0.24784321582839608 0.010890816910396003 0.974136927525935 -0.22569589393109404 -0.247750722193045 0.0929514316378944 0.22374573564013356 0.9702050696318387 -0.7942306565271424 0.0 0.0 0.0 1.0
Undistorted_SfM/0022/images/307036457_51029c5b2b_o.jpg Undistorted_SfM/0022/images/3866520701_0a34d3e614_o.jpg 0 0 959.349 0.0 640.0 0.0 959.436 408.5 0.0 0.0 1.0 2734.0 0.0 640.0 0.0 2732.85 479.0 0.0 0.0 1.0 0.8879939514519445 -0.19645435432713998 -0.41577930305712507 2.6314558660554983 0.21084677651467976 0.9774511239510144 -0.0115298360902291 -0.30144714266749584 0.4086690335933601 -0.07742730108175916 0.9093924532505557 -0.9409620809007275 0.0 0.0 0.0 1.0
Undistorted_SfM/0022/images/2689745042_637e4b0475_o.jpg Undistorted_SfM/0022/images/31347159_2b1df19c1d_o.jpg 0 0 1293.56 0.0 472.0 0.0 1293.94 640.0 0.0 0.0 1.0 8162.42 0.0 640.0 0.0 8159.01 479.5 0.0 0.0 1.0 0.9988215300163648 -0.00396044805197458 0.048372161694471554 -0.21500166187432698 0.002599646309360801 0.9995999776630209 0.028162501578420908 1.1177773608655976 -0.048464347873820784 -0.028003562404021916 0.9984322748578641 3.5299076319324927 0.0 0.0 0.0 1.0
Undistorted_SfM/0022/images/3030761546_dbc99a85b8_o.jpg Undistorted_SfM/0022/images/479390531_a237b6b5f4_o.jpg 0 0 916.996 0.0 640.0 0.0 917.189 418.0 0.0 0.0 1.0 3764.88 0.0 640.0 0.0 3766.45 480.0 0.0 0.0 1.0 0.9989949254753857 -0.001124294237564497 -0.04480931640737397 0.23677909829245536 0.01643761163435795 0.9392280246646767 0.34290016419979685 -0.528475994609197 0.04170064505720259 -0.3432920821209791 0.9383025112163221 -0.7055708890855472 0.0 0.0 0.0 1.0
Undistorted_SfM/0022/images/310584686_0965d00b4c_o.jpg Undistorted_SfM/0022/images/1070377533_d043020b4f_o.jpg 0 0 1012.55 0.0 530.5 0.0 1012.55 391.0 0.0 0.0 1.0 5438.95 0.0 456.0 0.0 5441.69 640.0 0.0 0.0 1.0 0.9867687659340955 -0.05881407495114755 -0.15109039401809493 0.7273992560176172 0.08879413966287125 0.9757456180684728 0.20009020361253174 0.2278316380020578 0.13565766966313728 -0.2108587048424007 0.9680576445923831 0.5212404996374087 0.0 0.0 0.0 1.0
Undistorted_SfM/0022/images/2827725807_35c558a832_o.jpg Undistorted_SfM/0022/images/511224274_b5bc4c7e8f_o.jpg 0 0 3990.49 0.0 640.0 0.0 3988.81 479.0 0.0 0.0 1.0 1361.37 0.0 640.0 0.0 1361.5 472.5 0.0 0.0 1.0 0.9131309119298345 0.17064742921620896 0.3702315391482573 -1.793849256713796 0.013431777871562717 0.8950858251379751 -0.445691544658724 0.6715687751075198 -0.4074451190300329 0.41194759440852335 0.8150384374001222 3.6980382881816753 0.0 0.0 0.0 1.0
Undistorted_SfM/0022/images/3795899747_21a8b2e5a2_o.jpg Undistorted_SfM/0022/images/31347159_2b1df19c1d_o.jpg 0 0 1129.54 0.0 640.0 0.0 1129.96 487.0 0.0 0.0 1.0 8162.42 0.0 640.0 0.0 8159.01 479.5 0.0 0.0 1.0 0.999779478791179 -0.007647463259968821 0.01955786526505206 -0.13001200699907434 0.008271941915492414 0.999452010420677 -0.032050800973044954 1.3233445713089773 -0.019302040435799077 0.03220551461713413 0.9992948694270676 4.092123149434914 0.0 0.0 0.0 1.0
Undistorted_SfM/0022/images/1469603948_0052cdbe5d_o.jpg Undistorted_SfM/0022/images/3067114122_6a4fce3a55_o.jpg 0 0 6365.45 0.0 640.0 0.0 6366.98 426.5 0.0 0.0 1.0 1383.45 0.0 633.5 0.0 1383.45 475.0 0.0 0.0 1.0 0.9991388755644199 -0.019879572508535715 0.03641853831147239 -0.296464106916701 0.02977496997751061 0.9548267432495553 -0.2956676200369025 0.22748897901454695 -0.02889564843890255 0.2964973743093279 0.9545964322838051 1.284482612985739 0.0 0.0 0.0 1.0
Undistorted_SfM/0022/images/2244697829_016008f1e8_o.jpg Undistorted_SfM/0022/images/2807466317_f7521c4948_o.jpg 0 0 878.119 0.0 640.0 0.0 877.918 422.5 0.0 0.0 1.0 4476.8 0.0 640.0 0.0 4474.94 479.5 0.0 0.0 1.0 0.9927120657298776 -0.009991259153106901 0.12009550072694085 -0.06784811269185057 -0.034601703631959205 0.9309633749530308 0.36346927875933166 0.2692163045578656 -0.11543602843170435 -0.36497584747021034 0.9238328604803557 0.36089999392454275 0.0 0.0 0.0 1.0
Undistorted_SfM/0022/images/1469603948_0052cdbe5d_o.jpg Undistorted_SfM/0022/images/3715690353_64477b25da_o.jpg 0 0 6365.45 0.0 640.0 0.0 6366.98 426.5 0.0 0.0 1.0 1419.85 0.0 640.0 0.0 1419.24 478.5 0.0 0.0 1.0 0.9172694532854931 0.13112124667521047 0.37606378280774516 -2.181210307665744 -0.07187707139375847 0.9832469429891755 -0.1675086138391035 0.17320539926856393 -0.3917275030900803 0.12662017127132608 0.911326997048826 0.4905962989717887 0.0 0.0 0.0 1.0
Undistorted_SfM/0022/images/2636781338_ec1a923a4f_o.jpg Undistorted_SfM/0022/images/409783245_d8d395e484_o.jpg 0 0 3645.39 0.0 640.0 0.0 3645.39 480.0 0.0 0.0 1.0 1026.95 0.0 380.5 0.0 1026.95 514.0 0.0 0.0 1.0 0.9726978171823094 0.12952330983879515 0.1925686076627596 -0.5428365850446664 0.01562932556522219 0.7913236955435051 -0.6111976219307026 0.3430915357120159 -0.23154844121942747 0.5975203101818156 0.7676944693620503 1.0917847256716557 0.0 0.0 0.0 1.0
Undistorted_SfM/0022/images/402463125_91cc1dbc9e_o.jpg Undistorted_SfM/0022/images/228519770_b3bf41b2fb_o.jpg 0 0 1173.01 0.0 640.0 0.0 1173.52 475.5 0.0 0.0 1.0 3398.88 0.0 640.0 0.0 3399.04 479.5 0.0 0.0 1.0 0.998579233403309 -0.036065574484803235 -0.039227400535099065 0.03522929924787643 0.04808275742322588 0.9271558078857649 0.37157792768445524 -1.3559021870205226 0.02296874080656567 -0.37293616376100636 0.9275726681532745 -1.7677619150593267 0.0 0.0 0.0 1.0
Undistorted_SfM/0022/images/298268365_5c1e71d0db_o.jpg Undistorted_SfM/0022/images/511224274_b5bc4c7e8f_o.jpg 0 0 4982.17 0.0 640.0 0.0 4981.14 479.5 0.0 0.0 1.0 1361.37 0.0 640.0 0.0 1361.5 472.5 0.0 0.0 1.0 0.9414572058407852 0.218691319702609 0.2565783238256743 -1.5031528818218214 -0.11241686497511048 0.9211431861934225 -0.3726361214356411 0.536371957629906 -0.3178376598825713 0.3219772308970952 0.8918014828111746 2.994988462338779 0.0 0.0 0.0 1.0
Undistorted_SfM/0022/images/3268325681_12e8da16a5_o.jpg Undistorted_SfM/0022/images/391017899_2a67c43613_o.jpg 0 0 579.33 0.0 414.0 0.0 579.211 640.0 0.0 0.0 1.0 8091.94 0.0 640.0 0.0 8093.62 480.0 0.0 0.0 1.0 0.8397413227302307 -0.31472827789650065 -0.44247104085079464 2.0887417081550317 0.15097802714690606 0.9180869791874007 -0.3664995688474697 1.8798994178961657 0.5215746794257852 0.24096142790674255 0.8184726287683867 6.490480194328237 0.0 0.0 0.0 1.0
Undistorted_SfM/0022/images/2605465116_514cae62d5_o.jpg Undistorted_SfM/0022/images/3066274005_d6b0de2d4d_o.jpg 0 0 4645.42 0.0 640.0 0.0 4647.36 480.0 0.0 0.0 1.0 1394.22 0.0 627.5 0.0 1394.22 470.5 0.0 0.0 1.0 0.9940034475098034 -0.032443787678414875 -0.10442483890197483 0.3656942426692872 0.014762064625063989 0.9860428132796172 -0.16583621989066008 0.3698687157335806 0.10834771703469755 0.16330024807297722 0.9806088930825955 1.5942631662564875 0.0 0.0 0.0 1.0
Undistorted_SfM/0022/images/3474328127_ae0a053968_o.jpg Undistorted_SfM/0022/images/2969129627_e8c1be55f3_o.jpg 0 0 1370.89 0.0 640.0 0.0 1370.7 469.5 0.0 0.0 1.0 3920.17 0.0 640.0 0.0 3920.99 480.0 0.0 0.0 1.0 0.9990767704564467 0.008959472042793478 0.04201588503210601 -0.2708508060574688 -0.025989601288908804 0.9047935222046926 0.42505672892129365 -1.1520798122077291 -0.03420741672737505 -0.4257562800912525 0.9041910432003287 -1.5047159597303603 0.0 0.0 0.0 1.0
Undistorted_SfM/0022/images/3556251720_3b126667d4_o.jpg Undistorted_SfM/0022/images/1170878322_310db63782_o.jpg 0 0 1027.14 0.0 640.0 0.0 1027.07 426.5 0.0 0.0 1.0 5328.23 0.0 640.0 0.0 5325.79 477.5 0.0 0.0 1.0 0.9993872314303807 -0.008594468050293584 0.03393076440122485 -0.23542843753090426 0.004101922455839052 0.9914641177126873 0.13031530040777672 0.7423246980262604 -0.03476112607619649 -0.13009626592310522 0.9908918335049389 2.022968555642138 0.0 0.0 0.0 1.0
Undistorted_SfM/0022/images/2464628195_1a5936f331_o.jpg Undistorted_SfM/0022/images/2415654069_7515075a87_o.jpg 0 0 2518.73 0.0 640.0 0.0 2518.71 479.0 0.0 0.0 1.0 6897.53 0.0 640.0 0.0 6900.42 480.0 0.0 0.0 1.0 0.9987877668156355 0.024152009825720244 0.04289145929918966 -0.3110639109780516 -0.03327128513574472 0.9734087779462928 0.2266459190069846 -1.6762426538153157 -0.03627696851794129 -0.22779822527509502 0.9730323479292275 -3.922268826557101 0.0 0.0 0.0 1.0
Undistorted_SfM/0022/images/2508509466_989c3d0719_o.jpg Undistorted_SfM/0022/images/1362516528_30b412897a_o.jpg 0 0 3817.09 0.0 640.0 0.0 3815.51 479.5 0.0 0.0 1.0 1285.42 0.0 640.0 0.0 1285.46 472.0 0.0 0.0 1.0 0.9957216317175482 0.0016033366635026347 -0.09238972584268738 0.1667252502062716 -0.04954455392347333 0.8532431502653285 -0.519154566291988 0.9727258386794845 0.07799852118000385 0.5215108396158621 0.8496720984337965 3.3202763921937626 0.0 0.0 0.0 1.0
Undistorted_SfM/0022/images/312833121_2f508ab4b0_o.jpg Undistorted_SfM/0022/images/2969129627_e8c1be55f3_o.jpg 0 0 2132.35 0.0 640.0 0.0 2131.91 479.5 0.0 0.0 1.0 3920.17 0.0 640.0 0.0 3920.99 480.0 0.0 0.0 1.0 0.9977266671654599 0.03407971601860577 0.05813837444403582 -0.6594708646486064 -0.05743693599298008 0.8812748048826078 0.46910096638448695 -2.8881801542065535 -0.03524905687592283 -0.47137383384656845 0.881228808400035 -4.064596784055958 0.0 0.0 0.0 1.0
Undistorted_SfM/0022/images/3556251720_3b126667d4_o.jpg Undistorted_SfM/0022/images/2414005003_b333776c67_o.jpg 0 0 1027.14 0.0 640.0 0.0 1027.07 426.5 0.0 0.0 1.0 5976.99 0.0 640.0 0.0 5976.97 426.0 0.0 0.0 1.0 0.9994247915654234 0.0013473414930949066 -0.03388614282137817 0.18084853002964485 0.0009183860880032844 0.9977687305489364 0.06675864667410024 1.0387732434895474 0.03390048040077332 -0.0667513670995956 0.9971935681796851 3.5795058357542153 0.0 0.0 0.0 1.0
Undistorted_SfM/0022/images/513595447_b62b65fb67_o.jpg Undistorted_SfM/0022/images/869156515_c1ddd038e9_o.jpg 0 0 995.918 0.0 640.0 0.0 996.409 428.5 0.0 0.0 1.0 7805.83 0.0 640.0 0.0 7808.97 478.0 0.0 0.0 1.0 0.9938090133569238 -0.022717349179735894 0.10875461836990438 -0.46145533411516104 0.01745306253537509 0.9986406414078753 0.04911476291914818 0.8849398872576975 -0.10972253906410424 -0.04691259292251717 0.9928545578515579 2.9453594035342183 0.0 0.0 0.0 1.0
Undistorted_SfM/0022/images/3179491696_7750fa951d_o.jpg Undistorted_SfM/0022/images/3568956904_f156634a3e_o.jpg 0 0 1131.22 0.0 640.0 0.0 1131.15 423.5 0.0 0.0 1.0 4393.54 0.0 640.0 0.0 4391.72 479.5 0.0 0.0 1.0 0.8786716693026558 -0.06701825979999024 -0.4726993234798051 2.7921735814998616 0.18818088115961903 0.9585597106650189 0.2138953881124711 -0.0859807099971649 0.4387756300558108 -0.27689679294491 0.8548708162792492 -0.12457014165392155 0.0 0.0 0.0 1.0
Undistorted_SfM/0022/images/402462375_fc3c6e17a1_o.jpg Undistorted_SfM/0022/images/3568956904_f156634a3e_o.jpg 0 0 1173.13 0.0 640.0 0.0 1172.92 475.5 0.0 0.0 1.0 4393.54 0.0 640.0 0.0 4391.72 479.5 0.0 0.0 1.0 0.9794250995784116 -0.007293316665937877 -0.20167618066551407 1.0472884233222612 0.05204751332284054 0.9746677551901011 0.21751740930233152 -0.3404420715169476 0.19498084693817355 -0.22353875396606213 0.9549936621792696 -0.4563138205554498 0.0 0.0 0.0 1.0
Undistorted_SfM/0022/images/388668445_834615eff6_o.jpg Undistorted_SfM/0022/images/152275711_0dfbffc8ea_o.jpg 0 0 1476.14 0.0 640.0 0.0 1476.4 475.0 0.0 0.0 1.0 3597.56 0.0 640.0 0.0 3599.07 480.0 0.0 0.0 1.0 0.9377950988557422 -0.12980132260653968 -0.3220123743146241 2.425837164737485 0.18994321400034406 0.9681864746381579 0.1629003553800754 -1.4417825249492524 0.29062334389612976 -0.2139312202024948 0.9326154110914656 -2.285212535443465 0.0 0.0 0.0 1.0
Undistorted_SfM/0022/images/3189445523_abe1978588_o.jpg Undistorted_SfM/0022/images/2362396430_22bb0d9f43_o.jpg 0 0 875.167 0.0 640.0 0.0 875.35 480.0 0.0 0.0 1.0 6068.84 0.0 640.0 0.0 6067.25 479.5 0.0 0.0 1.0 0.98101243521851 -0.020438839425470826 -0.19286486406183112 0.8348061551352441 0.03473119540583849 0.9968702005742647 0.07101793627462456 0.8657294986667229 0.19080971152520051 -0.0763679058896143 0.9786519283880786 2.7651556021747616 0.0 0.0 0.0 1.0
Undistorted_SfM/0022/images/3395188399_c4be0555c7_o.jpg Undistorted_SfM/0022/images/469515902_64871b681d_o.jpg 0 0 898.181 0.0 640.0 0.0 897.816 405.5 0.0 0.0 1.0 4751.95 0.0 628.5 0.0 4751.95 418.5 0.0 0.0 1.0 0.999354342430625 -0.014924000716730924 0.03268290788256292 -0.01717188019065921 0.010336183548268043 0.9906147582524277 0.13629220095860423 0.6367941091546792 -0.03441019579586248 -0.13586638633264317 0.9901294175461102 1.8649781877462193 0.0 0.0 0.0 1.0
Undistorted_SfM/0022/images/310584686_0965d00b4c_o.jpg Undistorted_SfM/0022/images/2687410724_2a4978e290_o.jpg 0 0 1012.55 0.0 530.5 0.0 1012.55 391.0 0.0 0.0 1.0 4674.54 0.0 640.0 0.0 4673.55 479.0 0.0 0.0 1.0 0.998301428108017 0.022905009673068886 0.0535688264699751 -0.27874578653544124 -0.0410832937521859 0.9287099645810348 0.368524035393032 -0.7191856505224136 -0.04130885633814243 -0.37009885465881903 0.9280734971801884 -1.2617678699682986 0.0 0.0 0.0 1.0
Undistorted_SfM/0022/images/2384872477_5b6ce13006_o.jpg Undistorted_SfM/0022/images/1469603948_0052cdbe5d_o.jpg 0 0 948.727 0.0 640.0 0.0 949.191 412.5 0.0 0.0 1.0 6365.45 0.0 640.0 0.0 6366.98 426.5 0.0 0.0 1.0 0.9848699413525033 0.009177505992409902 -0.17305193441298483 0.8736929918950533 0.025441860252009018 0.9801188947452933 0.19677312801849117 0.19655211045025645 0.17141735725192467 -0.19819870218299493 0.9650561455613567 0.33849085806466794 0.0 0.0 0.0 1.0
Undistorted_SfM/0022/images/1267466765_a9f3a559cc_o.jpg Undistorted_SfM/0022/images/2895957790_0d008281b5_o.jpg 0 0 1241.89 0.0 640.0 0.0 1242.53 419.5 0.0 0.0 1.0 4963.03 0.0 640.0 0.0 4964.07 480.0 0.0 0.0 1.0 0.9979260048335358 -0.0102663087434228 0.0635475552776242 -0.295789324303152 -0.0030883193799886945 0.9784278214748698 0.20656587435330906 -0.21463177553173318 -0.06429736511230588 -0.2063337128748586 0.9763668612621436 -0.4002694167549474 0.0 0.0 0.0 1.0
Undistorted_SfM/0022/images/887548107_602867e1a3_o.jpg Undistorted_SfM/0022/images/2895957790_0d008281b5_o.jpg 0 0 1426.29 0.0 640.0 0.0 1426.91 475.5 0.0 0.0 1.0 4963.03 0.0 640.0 0.0 4964.07 480.0 0.0 0.0 1.0 0.9998513746065739 0.008716736182303734 -0.01487438091728673 0.2805372132612224 -0.003039971875568566 0.9383876189351771 0.34557117240904867 -0.9887581155274103 0.0169701876342066 -0.3454745940579376 0.938274649338968 -1.8985078516947023 0.0 0.0 0.0 1.0
Undistorted_SfM/0022/images/3570076837_f61eea5c3d_o.jpg Undistorted_SfM/0022/images/2827725807_35c558a832_o.jpg 0 0 993.602 0.0 413.0 0.0 993.663 640.0 0.0 0.0 1.0 3990.49 0.0 640.0 0.0 3988.81 479.0 0.0 0.0 1.0 0.9919745231759579 0.0721775631053558 -0.10381206458790504 0.48755950555178673 -0.0302987660888599 0.9328269498849192 0.3590485570809202 -1.039008594788951 0.12275394145738688 -0.353021643745211 0.9275274599191689 -1.4530736590150775 0.0 0.0 0.0 1.0
Undistorted_SfM/0022/images/402460163_ef84079e29_o.jpg Undistorted_SfM/0022/images/760865316_8d75d07010_o.jpg 0 0 1008.72 0.0 640.0 0.0 1008.53 469.5 0.0 0.0 1.0 3772.96 0.0 640.0 0.0 3771.4 479.5 0.0 0.0 1.0 0.9559551819701054 -0.026860049101347542 -0.2922810767510886 1.5644615562782413 0.13476696658829215 0.9247974867233026 0.35579133388385503 -1.231630438952675 0.26074423249823325 -0.37951040343123105 0.8876847970458722 -1.3902686833362723 0.0 0.0 0.0 1.0
Undistorted_SfM/0022/images/1469603948_0052cdbe5d_o.jpg Undistorted_SfM/0022/images/2314569959_6ec93228c4_o.jpg 0 0 6365.45 0.0 640.0 0.0 6366.98 426.5 0.0 0.0 1.0 2271.94 0.0 640.0 0.0 2271.26 426.0 0.0 0.0 1.0 0.9915176742441436 0.015417588911265608 0.129054250660903 -0.6956068551050073 0.03264885943860754 0.9315560819657451 -0.3621288695064066 0.8863855427458356 -0.1258044261496471 0.363270648559436 0.9231509531254163 6.6785690877486115 0.0 0.0 0.0 1.0
Undistorted_SfM/0022/images/1400145940_25c13a7df6_o.jpg Undistorted_SfM/0022/images/3722427356_6fee2b7349_o.jpg 0 0 4201.08 0.0 640.0 0.0 4199.53 479.0 0.0 0.0 1.0 1373.54 0.0 640.0 0.0 1372.7 391.0 0.0 0.0 1.0 0.9942217253056816 0.048224900745175006 0.09590370106680904 -0.28767655287251737 0.009168065366612941 0.8519960377428856 -0.5234679534105764 0.7972731651200888 -0.10695376341030437 0.5213224631823777 0.8466308415560061 2.3209594521823904 0.0 0.0 0.0 1.0
Undistorted_SfM/0022/images/2418898447_014cb125cd_o.jpg Undistorted_SfM/0022/images/24655383_ba1f244885_o.jpg 0 0 575.848 0.0 640.0 0.0 575.634 418.5 0.0 0.0 1.0 3038.62 0.0 512.5 0.0 3038.62 384.0 0.0 0.0 1.0 0.9994893631514351 0.028707902904602064 -0.014031010582217349 0.01725835306999307 -0.028038271483780776 0.9985573507638763 0.04579380490449186 -0.11901532368986345 0.015325412860349325 -0.04537701561637537 0.9988523705605405 -0.08726072738706847 0.0 0.0 0.0 1.0
Undistorted_SfM/0022/images/479390531_a237b6b5f4_o.jpg Undistorted_SfM/0022/images/3228491558_af70759fef_o.jpg 0 0 3764.88 0.0 640.0 0.0 3766.45 480.0 0.0 0.0 1.0 1392.61 0.0 640.0 0.0 1392.2 472.5 0.0 0.0 1.0 0.9111311457566025 0.20331629815855026 0.35847247890927997 -1.4936764293597213 -0.010768092033619158 0.8812807995621361 -0.47247031707513404 0.41390131819002013 -0.41197582869170396 0.4266223566882374 0.8051517132488497 3.017273456275833 0.0 0.0 0.0 1.0
Undistorted_SfM/0022/images/1267466765_a9f3a559cc_o.jpg Undistorted_SfM/0022/images/1482387239_eeeb02aa48_o.jpg 0 0 1241.89 0.0 640.0 0.0 1242.53 419.5 0.0 0.0 1.0 4099.69 0.0 640.0 0.0 4101.85 428.5 0.0 0.0 1.0 0.9959785318774824 -0.015410521271925007 0.08825689702965164 -0.3016808644648243 -0.007457851510560071 0.9674160450186811 0.25308215324526456 -0.667502652339169 -0.08928126617617732 -0.2527225982664405 0.9634106828530798 -1.0881457570693358 0.0 0.0 0.0 1.0
Undistorted_SfM/0022/images/1894362691_eb9a72713f_o.jpg Undistorted_SfM/0022/images/2070556147_a34ef98774_o.jpg 0 0 1340.76 0.0 640.0 0.0 1341.09 422.0 0.0 0.0 1.0 6356.33 0.0 636.5 0.0 6356.33 477.0 0.0 0.0 1.0 0.9999003862028321 -0.002369389874602988 0.013914153335690467 0.04361023872634978 0.0017225579017805923 0.9989253220245311 0.046316668840297816 0.3530193398382314 -0.014008942347728842 -0.04628808712626735 0.998829896691368 0.9433270214298054 0.0 0.0 0.0 1.0
Undistorted_SfM/0022/images/3455593447_101f1773fd_o.jpg Undistorted_SfM/0022/images/2448257341_657a198513_o.jpg 0 0 984.594 0.0 466.5 0.0 984.996 640.0 0.0 0.0 1.0 3252.57 0.0 640.0 0.0 3251.22 479.5 0.0 0.0 1.0 0.965689822254442 0.01569352804516052 0.25922361075272493 -1.2026931853035387 -0.134389299705464 0.884328403523356 0.44710489915288054 -0.8373625503992801 -0.22222214857853262 -0.4666015301082158 0.8560959810569211 -1.1077866083388113 0.0 0.0 0.0 1.0
Undistorted_SfM/0022/images/469515902_64871b681d_o.jpg Undistorted_SfM/0022/images/2385707020_fa1c526dc2_o.jpg 0 0 4751.95 0.0 628.5 0.0 4751.95 418.5 0.0 0.0 1.0 959.838 0.0 640.0 0.0 959.768 419.0 0.0 0.0 1.0 0.9990900469338216 0.007497416285872956 -0.041986508152146995 0.12932388944666265 -0.003629033913715555 0.9958018681935049 0.09146294011882056 -0.8374259985773699 0.042495978993630466 -0.09122734267401522 0.9949229436082027 -1.8999428924538073 0.0 0.0 0.0 1.0
Undistorted_SfM/0022/images/2513313222_dd8603428b_o.jpg Undistorted_SfM/0022/images/3066270889_9fc44bae25_o.jpg 0 0 5403.56 0.0 640.0 0.0 5404.69 480.0 0.0 0.0 1.0 1387.11 0.0 637.5 0.0 1387.11 478.0 0.0 0.0 1.0 0.9355173469516006 0.12948914457072638 0.3286941663476546 -1.3702621790182343 0.002735969618602754 0.9277214884666288 -0.37326311672533147 0.3579996576381409 -0.3532701629389103 0.35009341792670684 0.8675452672348066 1.3890364461509885 0.0 0.0 0.0 1.0
Undistorted_SfM/0022/images/3353330026_1c0b8f51d9_o.jpg Undistorted_SfM/0022/images/2142630166_31a7f8bf33_o.jpg 0 0 1017.37 0.0 640.0 0.0 1017.77 415.0 0.0 0.0 1.0 4931.52 0.0 640.0 0.0 4932.0 359.0 0.0 0.0 1.0 0.9952778028241746 0.032102671849032705 -0.09160520545054653 0.359828297179575 -0.02957519737373546 0.9991470909098549 0.028816634548099688 0.14111292343594073 0.0924521655008043 -0.025971314686158188 0.9953783641950855 0.08767128461368934 0.0 0.0 0.0 1.0
Undistorted_SfM/0022/images/2451420617_566c473b04_o.jpg Undistorted_SfM/0022/images/2899024525_d3c7b3b33c_o.jpg 0 0 809.317 0.0 546.5 0.0 809.317 349.0 0.0 0.0 1.0 3716.77 0.0 640.0 0.0 3715.05 423.5 0.0 0.0 1.0 0.9686201142583484 0.08115760808059176 0.23492236356886334 -1.304420181172512 -0.09986482037716872 0.9926165941602442 0.06884268042975401 0.41574026693955524 -0.22760072914026439 -0.09014288462410378 0.969573188803437 0.776047666656836 0.0 0.0 0.0 1.0
Undistorted_SfM/0022/images/2689006333_4e96a6d7e4_o.jpg Undistorted_SfM/0022/images/2687410724_2a4978e290_o.jpg 0 0 1290.57 0.0 469.5 0.0 1290.82 640.0 0.0 0.0 1.0 4674.54 0.0 640.0 0.0 4673.55 479.0 0.0 0.0 1.0 0.8578861255036658 -0.08923141435329214 -0.5060327562132905 2.205064286682925 0.22252840121900086 0.9521830194662229 0.2093528315812852 0.09862060797911054 0.46315494849912137 -0.29220754975307806 0.836721125314808 0.16288024226118658 0.0 0.0 0.0 1.0
Undistorted_SfM/0022/images/1411860536_45b1c02e2f_o.jpg Undistorted_SfM/0022/images/1469603948_0052cdbe5d_o.jpg 0 0 1358.87 0.0 640.0 0.0 1358.63 475.5 0.0 0.0 1.0 6365.45 0.0 640.0 0.0 6366.98 426.5 0.0 0.0 1.0 0.9827076325866526 -0.05979948641130286 -0.17524191930266195 0.9242322622201403 0.060837947437976006 0.9981475023540521 0.0005547034356528353 0.3178394682092164 0.17488411307911975 -0.011206469975503409 0.9845252470217398 0.8730521834877023 0.0 0.0 0.0 1.0
Undistorted_SfM/0022/images/2848358386_c77b4baf3e_o.jpg Undistorted_SfM/0022/images/624570534_077746f40c_o.jpg 0 0 567.54 0.0 631.0 0.0 567.54 422.0 0.0 0.0 1.0 3945.37 0.0 640.0 0.0 3946.34 424.5 0.0 0.0 1.0 0.9997288528035606 0.022359617314187064 0.0065014141261599935 0.08554853602153854 -0.02316270274316311 0.9835555778920296 0.17911424957023117 0.7448129015158005 -0.002389576052062523 -0.17921627356643224 0.9838067987238414 1.3262655749983152 0.0 0.0 0.0 1.0
Undistorted_SfM/0022/images/3464140746_a8e34df568_o.jpg Undistorted_SfM/0022/images/3395188399_c4be0555c7_o.jpg 0 0 4116.57 0.0 412.5 0.0 4117.23 640.0 0.0 0.0 1.0 898.181 0.0 640.0 0.0 897.816 405.5 0.0 0.0 1.0 0.9981277880595965 -0.022412439356686138 -0.056908709925106916 0.29665709452079725 0.010681164593615726 0.9800176222158775 -0.1986236966458475 -0.15183617056887494 0.06022318014005227 0.19764397969181952 0.9784222124754722 -0.702219880872031 0.0 0.0 0.0 1.0
Undistorted_SfM/0022/images/3920987420_b69f885b96_o.jpg Undistorted_SfM/0022/images/2604830299_33a36b49e8_o.jpg 0 0 1227.67 0.0 640.0 0.0 1228.03 423.0 0.0 0.0 1.0 4792.07 0.0 640.0 0.0 4789.09 399.5 0.0 0.0 1.0 0.7839792325221668 -0.12441470744888694 -0.6081920285110306 4.089974923905541 0.24958195196271166 0.9602137530473663 0.12529324687777119 -0.37270221692384475 0.5684060276144485 -0.2500210571713896 0.7838393067092665 -0.30405528700267603 0.0 0.0 0.0 1.0
Undistorted_SfM/0022/images/2508509466_989c3d0719_o.jpg Undistorted_SfM/0022/images/2418898447_014cb125cd_o.jpg 0 0 3817.09 0.0 640.0 0.0 3815.51 479.5 0.0 0.0 1.0 575.848 0.0 640.0 0.0 575.634 418.5 0.0 0.0 1.0 0.9951967403485547 -0.04450712167271685 -0.08719268386752237 0.33777956980237817 0.01809088149837264 0.95894764244674 -0.283005545974723 0.9264964459656193 0.09620898090211512 0.2800688043432349 0.9551467409919417 1.3417375283647321 0.0 0.0 0.0 1.0
Undistorted_SfM/0022/images/511248029_542f26462d_o.jpg Undistorted_SfM/0022/images/2643017231_726906d254_o.jpg 0 0 3894.26 0.0 640.0 0.0 3895.79 478.5 0.0 0.0 1.0 1780.82 0.0 640.0 0.0 1779.85 425.5 0.0 0.0 1.0 0.9963685114756893 -0.0527471034677418 -0.06683960214934402 0.31840689025341534 0.01543267190536354 0.8838760726450374 -0.46746649167982735 0.6400660050287408 0.08373542844925709 0.4647373788295363 0.88148031557209 5.380909923388076 0.0 0.0 0.0 1.0
Undistorted_SfM/0022/images/312974599_28ec5e540d_o.jpg Undistorted_SfM/0022/images/501918339_d71ec4ca56_o.jpg 0 0 1470.3 0.0 640.0 0.0 1469.92 474.5 0.0 0.0 1.0 4166.04 0.0 507.0 0.0 4166.04 380.0 0.0 0.0 1.0 0.8757025158464361 -0.08899487377917863 -0.47457877763470463 2.705404840171999 0.27234210212284904 0.9026432622873755 0.3332640401521171 -0.5601288951892658 0.398716544868068 -0.42108794032628427 0.8146840267000681 -0.8862694284866146 0.0 0.0 0.0 1.0
Undistorted_SfM/0022/images/2513313222_dd8603428b_o.jpg Undistorted_SfM/0022/images/2468315471_52ef5e8034_o.jpg 0 0 5403.56 0.0 640.0 0.0 5404.69 480.0 0.0 0.0 1.0 1404.52 0.0 640.0 0.0 1404.0 474.0 0.0 0.0 1.0 0.9820657503298214 -0.06135382797726544 0.17827666650927895 -0.5623531518457754 0.12447419450184687 0.921193554917865 -0.3686578485274694 0.3854987959101521 -0.1416087459595663 0.3842370910913237 0.9123096080264841 1.2007177742947341 0.0 0.0 0.0 1.0
Undistorted_SfM/0022/images/1247003203_b554be0557_o.jpg Undistorted_SfM/0022/images/31347159_2b1df19c1d_o.jpg 0 0 1307.99 0.0 640.0 0.0 1308.27 473.5 0.0 0.0 1.0 8162.42 0.0 640.0 0.0 8159.01 479.5 0.0 0.0 1.0 0.9981974551368504 -0.011375723259393155 0.05892735764177122 -0.46923026218297414 0.008804708587191614 0.9990055671160865 0.04370759633932328 0.9353175553210837 -0.05936596385985951 -0.04310997322421216 0.9973049746910909 3.0095287680454783 0.0 0.0 0.0 1.0
Undistorted_SfM/0022/images/2346584257_0482a9e2e8_o.jpg Undistorted_SfM/0022/images/3770735733_708928339e_o.jpg 0 0 4751.95 0.0 640.0 0.0 4751.95 640.0 0.0 0.0 1.0 1215.13 0.0 640.0 0.0 1214.81 425.5 0.0 0.0 1.0 0.9656893827915772 -0.04438817360516082 -0.25587830312009746 1.4756005001124164 -0.042733833934177505 0.9446937041572407 -0.32515784591942076 0.2999294478452066 0.2561597849017457 0.32493614044865765 0.9103838032552103 1.4477808861545922 0.0 0.0 0.0 1.0
Undistorted_SfM/0022/images/3839101128_52208f3aa8_o.jpg Undistorted_SfM/0022/images/749377193_506da149f0_o.jpg 0 0 1047.86 0.0 640.0 0.0 1047.77 416.0 0.0 0.0 1.0 7060.95 0.0 640.0 0.0 7058.02 449.5 0.0 0.0 1.0 0.9992300366437146 -0.009288668621931404 0.03811895203481971 -0.22405783666434215 0.0011205258593364323 0.9779309602448776 0.20892530104400941 0.44101926346512754 -0.03921834125507474 -0.20872172294651878 0.9771883974339017 0.4622087248103941 0.0 0.0 0.0 1.0
Undistorted_SfM/0022/images/2827725807_35c558a832_o.jpg Undistorted_SfM/0022/images/3020254856_b9654fbba4_o.jpg 0 0 3990.49 0.0 640.0 0.0 3988.81 479.0 0.0 0.0 1.0 1369.76 0.0 640.0 0.0 1369.78 420.5 0.0 0.0 1.0 0.9952151703792217 -0.048913436673001756 0.0845827426836761 -0.40603028516360373 0.08154514533636385 0.892684906203387 -0.44324265082313735 0.4341963579111846 -0.05382521638719162 0.4480191223033751 0.8924022143245641 3.338736198221276 0.0 0.0 0.0 1.0
Undistorted_SfM/0022/images/2508509466_989c3d0719_o.jpg Undistorted_SfM/0022/images/2704221874_65afda36c8_o.jpg 0 0 3817.09 0.0 640.0 0.0 3815.51 479.5 0.0 0.0 1.0 1003.78 0.0 640.0 0.0 1004.06 413.5 0.0 0.0 1.0 0.9869088976168434 -0.0649127686121097 -0.14763861376962875 0.3724662431316426 -0.017339613326783944 0.8674127380708896 -0.4972871199237315 0.4818437261401589 0.16034389796429585 0.4933370797978525 0.8549317868006446 1.3844125752476488 0.0 0.0 0.0 1.0
Undistorted_SfM/0022/images/511214139_209b73f9eb_o.jpg Undistorted_SfM/0022/images/2807466317_f7521c4948_o.jpg 0 0 1354.7 0.0 640.0 0.0 1354.38 473.0 0.0 0.0 1.0 4476.8 0.0 640.0 0.0 4474.94 479.5 0.0 0.0 1.0 0.9973712225394223 -0.0062469500503093255 0.07219155120432985 -0.20885137148536412 -0.016080111668692873 0.952355207434543 0.3045668873679982 -0.5709739849499955 -0.07065461385458706 -0.3049270970041488 0.9497512258763774 -1.0141989891413115 0.0 0.0 0.0 1.0
Undistorted_SfM/0022/images/248502791_8c6607a333_o.jpg Undistorted_SfM/0022/images/760865316_8d75d07010_o.jpg 0 0 1402.25 0.0 473.5 0.0 1402.5 640.0 0.0 0.0 1.0 3772.96 0.0 640.0 0.0 3771.4 479.5 0.0 0.0 1.0 0.8245653261155711 0.12140025833596174 0.5525884546784195 -2.4072313112214876 -0.3156408373519664 0.9092882112076204 0.2712301803903752 -0.49071645784447004 -0.4695347535206222 -0.3980664846917003 0.7880864096033637 -0.8258969267186687 0.0 0.0 0.0 1.0
Undistorted_SfM/0022/images/733142349_2629104772_o.jpg Undistorted_SfM/0022/images/749377193_506da149f0_o.jpg 0 0 2587.73 0.0 640.0 0.0 2587.19 479.5 0.0 0.0 1.0 7060.95 0.0 640.0 0.0 7058.02 449.5 0.0 0.0 1.0 0.9985995159738071 -0.006470239039320215 0.052508501251244996 -0.4292888267003655 -0.016255082045094866 0.9069635141238773 0.4208954221131116 -3.464039068009979 -0.050346588807834596 -0.42115949479364845 0.9055881519435717 -6.181572067883282 0.0 0.0 0.0 1.0
Undistorted_SfM/0022/images/3920216155_37cd0de0c1_o.jpg Undistorted_SfM/0022/images/2516964254_b7eb465903_o.jpg 0 0 1343.38 0.0 640.0 0.0 1342.7 425.0 0.0 0.0 1.0 4687.11 0.0 640.0 0.0 4686.15 479.5 0.0 0.0 1.0 0.971280125013355 -0.003959430022752412 -0.23790595130836126 2.377048011209818 0.09108182518921325 0.9298923559947775 0.3563766369765049 -0.984172569778552 0.2198158772114586 -0.3678104527829203 0.9035465958927521 -1.7864400539342775 0.0 0.0 0.0 1.0
Undistorted_SfM/0022/images/2516964254_b7eb465903_o.jpg Undistorted_SfM/0022/images/1433639911_6088e4c46d_o.jpg 0 0 4687.11 0.0 640.0 0.0 4686.15 479.5 0.0 0.0 1.0 1028.95 0.0 640.0 0.0 1028.87 477.0 0.0 0.0 1.0 0.9984694694542384 0.018951544345941863 -0.05195726642805305 -0.033407491316308935 -0.030791927094175303 0.9708740152668637 -0.23760366938543803 -0.1021957469809478 0.04594100340217747 0.23883987407152385 0.9699716175022338 -0.08624720986971113 0.0 0.0 0.0 1.0
Undistorted_SfM/0022/images/2643017231_726906d254_o.jpg Undistorted_SfM/0022/images/3568956904_f156634a3e_o.jpg 0 0 1780.82 0.0 640.0 0.0 1779.85 425.5 0.0 0.0 1.0 4393.54 0.0 640.0 0.0 4391.72 479.5 0.0 0.0 1.0 0.9992720387864003 0.02670464744710693 -0.02724434444791482 0.2969511122695815 -0.015303636658579516 0.934764484335085 0.35493824467192164 -1.9774483852501068 0.03494554627836118 -0.35426292584814534 0.9344926902682644 -3.625516900430324 0.0 0.0 0.0 1.0
Undistorted_SfM/0022/images/3353330026_1c0b8f51d9_o.jpg Undistorted_SfM/0022/images/557685972_9ce5d71315_o.jpg 0 0 1017.37 0.0 640.0 0.0 1017.77 415.0 0.0 0.0 1.0 6742.08 0.0 640.0 0.0 6741.93 477.5 0.0 0.0 1.0 0.9955256106109512 0.019616488722042802 -0.0924335003551784 0.3109162036060499 -0.04406628183932616 0.9617094456119076 -0.2705052772603414 1.1152298090714405 0.08358780666191615 0.2733681319961329 0.9582708087938373 3.012066821716963 0.0 0.0 0.0 1.0
Undistorted_SfM/0022/images/318662650_88e3bc1fb6_o.jpg Undistorted_SfM/0022/images/2604830299_33a36b49e8_o.jpg 0 0 1663.27 0.0 640.0 0.0 1663.92 424.0 0.0 0.0 1.0 4792.07 0.0 640.0 0.0 4789.09 399.5 0.0 0.0 1.0 0.9714263279730967 -0.0383507194351508 -0.23422235512331369 2.0040657839342506 0.10397453046617267 0.9558872346628144 0.27471601996064354 -1.5510434875687602 0.213354602329184 -0.2912195339043796 0.9325615243711655 -2.7539714553565178 0.0 0.0 0.0 1.0
Undistorted_SfM/0022/images/3000898340_59cef56f18_o.jpg Undistorted_SfM/0022/images/3722427422_de83a590d7_o.jpg 0 0 1309.4 0.0 640.0 0.0 1309.45 423.0 0.0 0.0 1.0 4765.3 0.0 640.0 0.0 4764.31 480.0 0.0 0.0 1.0 0.9995669845926116 -0.004355751052680377 0.029101043713253283 -0.12407689722440685 -0.002013247253139936 0.9765421288908492 0.21531701590172983 -0.3515175141212425 -0.029356262499359985 -0.21528236791269068 0.9761105018992333 -0.8106950434992473 0.0 0.0 0.0 1.0
Undistorted_SfM/0022/images/511248029_542f26462d_o.jpg Undistorted_SfM/0022/images/312833121_2f508ab4b0_o.jpg 0 0 3894.26 0.0 640.0 0.0 3895.79 478.5 0.0 0.0 1.0 2132.35 0.0 640.0 0.0 2131.91 479.5 0.0 0.0 1.0 0.9955447442755517 -0.06971956641490812 -0.06348105389991013 0.5202401991020585 0.03255229380998249 0.8859912766547094 -0.46255789460289937 0.6177785200564981 0.08849299584167468 0.4584306269771637 0.884313490757825 5.097005212239396 0.0 0.0 0.0 1.0
Undistorted_SfM/0022/images/3920216155_37cd0de0c1_o.jpg Undistorted_SfM/0022/images/3296298959_2bdd857a2e_o.jpg 0 0 1343.38 0.0 640.0 0.0 1342.7 425.0 0.0 0.0 1.0 5714.25 0.0 640.0 0.0 5712.11 428.0 0.0 0.0 1.0 0.9281456148844885 0.0407698639666686 0.369977750361875 -1.7393919440816157 -0.14378878862856423 0.9560944739865419 0.2553588476578162 -0.22872986397658546 -0.3433227371372666 -0.29020884721961354 0.8932571427982194 -0.6120997721439865 0.0 0.0 0.0 1.0
Undistorted_SfM/0022/images/2854678489_96251db6e8_o.jpg Undistorted_SfM/0022/images/319538081_654369b7a2_o.jpg 0 0 1004.28 0.0 640.0 0.0 1004.58 467.0 0.0 0.0 1.0 4058.14 0.0 640.0 0.0 4059.84 479.5 0.0 0.0 1.0 0.9725963850681079 0.02610619825190687 -0.23102973437477956 1.1688056552668693 0.05208279590312046 0.943959349346525 0.32592657018444987 -0.39584739017415127 0.2265913813969167 -0.3290276784620367 0.9167317670303128 -0.42204563369498116 0.0 0.0 0.0 1.0
