Undistorted_SfM/0015/images/350639788_462a038755_o.jpg Undistorted_SfM/0015/images/2695220557_acffd8b032_o.jpg 0 0 4632.96 0.0 800.0 0.0 4631.91 598.0 0.0 0.0 1.0 1708.42 0.0 800.0 0.0 1708.74 591.5 0.0 0.0 1.0 0.9980182862771406 0.007007256535794677 0.06253318009089966 -0.39337955132212776 0.007802700663806306 0.9723289554901544 -0.23348558880105774 0.5490526036969411 -0.06243891509940224 0.23351081489144604 0.9703474023307026 2.7795162024009024 0.0 0.0 0.0 1.0
Undistorted_SfM/0015/images/3485283391_ffc62657fd_o.jpg Undistorted_SfM/0015/images/310568830_48c3add89d_o.jpg 0 0 1566.13 0.0 484.5 0.0 1566.13 652.5 0.0 0.0 1.0 1660.63 0.0 800.0 0.0 1660.3 594.0 0.0 0.0 1.0 0.9495770886696145 -0.073317085248766 -0.30484087272602484 1.7785561476463383 0.08042455179251104 0.9967021262444469 0.010805693349924646 -1.479876985904385 0.30304330407173324 -0.03477752938930646 0.9523419970298819 -8.559457762173954 0.0 0.0 0.0 1.0
Undistorted_SfM/0015/images/4043252998_b660b7dffa_o.jpg Undistorted_SfM/0015/images/1162164006_4b2185f4e7_o.jpg 0 0 6399.65 0.0 527.0 0.0 6399.65 787.5 0.0 0.0 1.0 2000.02 0.0 800.0 0.0 1999.34 524.5 0.0 0.0 1.0 0.9894882504623532 0.01331595058546609 0.14399891547145488 -0.6768715512961512 -0.00534564864287566 0.9984390574057094 -0.055595617519600266 -0.18692010315248359 -0.1445144499264233 0.05424144270577775 0.9880148984988322 -0.821097808835443 0.0 0.0 0.0 1.0
Undistorted_SfM/0015/images/3018384583_98264ff1fd_o.jpg Undistorted_SfM/0015/images/3016333021_fa27e3dd22_o.jpg 0 0 7591.5 0.0 797.5 0.0 7591.5 598.0 0.0 0.0 1.0 2221.07 0.0 800.0 0.0 2220.39 533.5 0.0 0.0 1.0 0.9845596750402862 0.050539074044203096 0.16759489335693195 -1.290012438645762 -0.03446792987808455 0.9946430994200617 -0.09745289418982364 0.17043101560149138 -0.17162228321079484 0.09017154080311643 0.9810274640063379 1.0341463453074617 0.0 0.0 0.0 1.0
Undistorted_SfM/0015/images/2303006132_e8c635902c_o.jpg Undistorted_SfM/0015/images/345822933_b5fb7b6feb_o.jpg 0 0 802.094 0.0 519.5 0.0 802.094 382.0 0.0 0.0 1.0 2749.9 0.0 800.0 0.0 2749.23 597.5 0.0 0.0 1.0 0.9503911556096867 0.11291300336048053 0.28984013699106786 0.037375494059679104 -0.07156634009509544 0.986166315922615 -0.14951339841301833 -0.42278445691642447 -0.3027125869604335 0.1213534136797683 0.9453245150126965 -2.3443655341277068 0.0 0.0 0.0 1.0
Undistorted_SfM/0015/images/2658725419_457769856a_o.jpg Undistorted_SfM/0015/images/3658689893_7a410fce78_o.jpg 0 0 9091.96 0.0 798.5 0.0 9091.96 598.5 0.0 0.0 1.0 2232.41 0.0 792.5 0.0 2232.41 511.5 0.0 0.0 1.0 0.9913180472858412 0.05008389684307593 0.12157356786077819 -1.6427681377147287 -0.02595226216340015 0.9809535437731505 -0.19250097414688475 0.41313142432078387 -0.12889922115354022 0.1876745806866491 0.9737367419123617 2.4826721356896764 0.0 0.0 0.0 1.0
Undistorted_SfM/0015/images/2423039455_2c0e80fcaf_o.jpg Undistorted_SfM/0015/images/2362907762_bb9469a630_o.jpg 0 0 1265.72 0.0 544.0 0.0 1265.72 360.0 0.0 0.0 1.0 2293.98 0.0 476.5 0.0 2293.98 635.5 0.0 0.0 1.0 0.9994750802459219 -0.02762112546528203 -0.01693036902844947 0.008748514662879847 0.029684837192154333 0.990111419975288 0.13710647860474878 -1.070115682223306 0.012975916471818966 -0.1375370839539297 0.9904116195447056 -5.472017511909545 0.0 0.0 0.0 1.0
Undistorted_SfM/0015/images/2376290325_1f10c6d2ce_o.jpg Undistorted_SfM/0015/images/2578467387_f0be7e2be1_o.jpg 0 0 6271.78 0.0 798.0 0.0 6271.78 598.5 0.0 0.0 1.0 2067.13 0.0 778.5 0.0 2067.13 518.0 0.0 0.0 1.0 0.9749458999963774 0.06043597757079023 0.2140747175528104 -0.4545061255050533 -0.02746138157758563 0.9877232539595528 -0.15378116305127457 0.040621506401391505 -0.22074049153271094 0.14404952690868292 0.9646363922200326 0.28562543302948806 0.0 0.0 0.0 1.0
Undistorted_SfM/0015/images/2704335322_1a11018a73_o.jpg Undistorted_SfM/0015/images/2811393705_fc1d64747e_o.jpg 0 0 3886.44 0.0 793.5 0.0 3886.44 595.0 0.0 0.0 1.0 1280.07 0.0 800.0 0.0 1279.64 517.0 0.0 0.0 1.0 0.717250258013464 -0.21604544138686146 -0.6624774974560085 3.902783300715676 0.12103926228687782 0.9748968133411939 -0.18688418959942385 0.5244237342783946 0.686222678410345 0.05385694563509161 0.7253949717513839 2.4339649052724783 0.0 0.0 0.0 1.0
Undistorted_SfM/0015/images/297924462_822756e234_o.jpg Undistorted_SfM/0015/images/149746184_742eef21ef_o.jpg 0 0 1244.92 0.0 800.0 0.0 1244.64 519.5 0.0 0.0 1.0 1420.7 0.0 656.0 0.0 1420.7 471.5 0.0 0.0 1.0 0.7509866225300053 0.31660164482938025 0.5794674203717642 -5.3879867291191585 -0.05471746759860781 0.9043784787663075 -0.423208655256405 1.0147700500990355 -0.6580464204906604 0.28611704883783207 0.6964997795001509 8.580223956497269 0.0 0.0 0.0 1.0
Undistorted_SfM/0015/images/479591780_e4fc8a42ae_o.jpg Undistorted_SfM/0015/images/2499107370_d54ef6325a_o.jpg 0 0 5190.8 0.0 579.0 0.0 5190.8 774.0 0.0 0.0 1.0 1741.3 0.0 800.0 0.0 1741.28 594.0 0.0 0.0 1.0 0.9451777224254784 0.07603403394599213 0.3175813261394372 -4.727153267736231 -0.020721110178800236 0.9845205058746872 -0.17404025139377313 0.5128224453543895 -0.32589831024959576 0.15791833077305945 0.9321223590185505 3.797963187101888 0.0 0.0 0.0 1.0
Undistorted_SfM/0015/images/3018384583_98264ff1fd_o.jpg Undistorted_SfM/0015/images/897695523_1c1019be37_o.jpg 0 0 7591.5 0.0 797.5 0.0 7591.5 598.0 0.0 0.0 1.0 2189.55 0.0 800.0 0.0 2190.26 596.0 0.0 0.0 1.0 0.983930156452051 0.040074014027619065 0.17399862247718043 -1.5159311448113801 -0.0603076658667549 0.9918082038033872 0.11260316294848306 -1.335665167857862 -0.16806080049180422 -0.1212870985225263 0.9782867713866116 -3.097924846810817 0.0 0.0 0.0 1.0
Undistorted_SfM/0015/images/1969087925_0f439b6bc7_o.jpg Undistorted_SfM/0015/images/2499108342_ed85189288_o.jpg 0 0 6489.92 0.0 510.5 0.0 6489.92 783.5 0.0 0.0 1.0 1741.23 0.0 800.0 0.0 1741.21 594.0 0.0 0.0 1.0 0.9873297828009359 0.007858193625227263 0.15848706189214518 -2.408546806120188 0.026010489774111644 0.9772493746312496 -0.2104925514229475 0.13109673586779755 -0.15653547334699258 0.2119478911803083 0.9646630173320903 1.0679692768485205 0.0 0.0 0.0 1.0
Undistorted_SfM/0015/images/2588733932_079fa6732a_o.jpg Undistorted_SfM/0015/images/2696032888_40c3f04760_o.jpg 0 0 1403.34 0.0 800.0 0.0 1403.28 520.0 0.0 0.0 1.0 2672.01 0.0 797.0 0.0 2672.01 597.5 0.0 0.0 1.0 0.9814451527173474 -0.05860573108669989 -0.18256719445567784 0.8223062863831676 0.053945430245610874 0.9980812314756106 -0.030393188903839335 -0.8121402927036177 0.18399810532513614 0.019980582071650276 0.9827234980282294 -3.701973089551062 0.0 0.0 0.0 1.0
Undistorted_SfM/0015/images/4143674022_95c98dc419_o.jpg Undistorted_SfM/0015/images/3481071716_52e34ed500_o.jpg 0 0 2517.3 0.0 637.5 0.0 2517.3 478.0 0.0 0.0 1.0 1616.77 0.0 785.0 0.0 1616.77 588.5 0.0 0.0 1.0 0.9796562130905094 -0.05573255454542234 -0.19278896886752553 -1.021167452085574 0.016671106796578468 0.9799441425238303 -0.19857379417086335 0.9540272616535665 0.19998944559985982 0.19132004572724948 0.9609374910739948 5.869965745332415 0.0 0.0 0.0 1.0
Undistorted_SfM/0015/images/2183181601_581f321c75_o.jpg Undistorted_SfM/0015/images/2175390292_555e644515_o.jpg 0 0 1068.75 0.0 528.0 0.0 1068.75 358.0 0.0 0.0 1.0 1733.98 0.0 800.0 0.0 1733.36 590.0 0.0 0.0 1.0 0.7507691739276531 -0.11326996745723825 -0.6507807326221516 7.621734225191075 0.10886371468351909 0.9929339214077259 -0.047232608896622716 -0.5462247574842406 0.6515323008917467 -0.03538562123394417 0.7577951693595 -3.0440725481118145 0.0 0.0 0.0 1.0
Undistorted_SfM/0015/images/275604789_5295436922_o.jpg Undistorted_SfM/0015/images/144245474_d030ef9e44_o.jpg 0 0 3454.49 0.0 800.0 0.0 3455.57 532.5 0.0 0.0 1.0 1748.17 0.0 800.0 0.0 1748.23 592.0 0.0 0.0 1.0 0.9914030035179571 0.06288222846388147 0.11474279915964238 -2.6434916815976996 -0.04409723889415338 0.9862182009418758 -0.15946502329000461 0.9441767914735719 -0.12318895298477772 0.1530342624198449 0.9805126191886204 4.872206056358992 0.0 0.0 0.0 1.0
Undistorted_SfM/0015/images/3228510319_5901f7015b_o.jpg Undistorted_SfM/0015/images/423966189_a67818f8c4_o.jpg 0 0 5445.41 0.0 790.5 0.0 5445.41 593.0 0.0 0.0 1.0 1753.53 0.0 800.0 0.0 1753.48 593.5 0.0 0.0 1.0 0.9777343148643759 0.11073941530383256 0.17824811761938866 -0.3327931288282586 -0.09111166054342798 0.989202896046782 -0.11478804713766466 -0.04362646951223775 -0.1890351153878804 0.0959917306377215 0.9772672678440971 -0.016534433449729935 0.0 0.0 0.0 1.0
Undistorted_SfM/0015/images/3876484797_d1bed04c34_o.jpg Undistorted_SfM/0015/images/4143674022_95c98dc419_o.jpg 0 0 1598.38 0.0 800.0 0.0 1598.18 592.5 0.0 0.0 1.0 2517.3 0.0 637.5 0.0 2517.3 478.0 0.0 0.0 1.0 0.9689562221052136 0.052238791918808015 0.24165046712649932 0.022381398053576973 -0.08189375730298547 0.9900597135171313 0.11434673666168066 -2.1376175184639306 -0.2332750568714786 -0.1305866466727725 0.9636025506153296 -5.623444312556519 0.0 0.0 0.0 1.0
Undistorted_SfM/0015/images/3755049023_a75385d1a5_o.jpg Undistorted_SfM/0015/images/350639788_462a038755_o.jpg 0 0 1773.31 0.0 800.0 0.0 1773.05 595.0 0.0 0.0 1.0 4632.96 0.0 800.0 0.0 4631.91 598.0 0.0 0.0 1.0 0.9362709206410138 0.03910111841121867 0.3490957829894559 -1.5762876301532311 -0.14590870693377278 0.9472902272452308 0.28522250017590367 -0.6734223502839818 -0.31954250484551155 -0.31798164711924926 0.8926254868041726 -1.571877689024371 0.0 0.0 0.0 1.0
Undistorted_SfM/0015/images/3158214253_16b5194f70_o.jpg Undistorted_SfM/0015/images/3018384583_98264ff1fd_o.jpg 0 0 2382.14 0.0 800.0 0.0 2382.47 596.5 0.0 0.0 1.0 7591.5 0.0 797.5 0.0 7591.5 598.0 0.0 0.0 1.0 0.9996315162819364 -0.026741852436478752 0.004658860820258697 -0.16696756801471244 0.026346062444812957 0.9971507969033564 0.070683613579493 0.7387958644477048 -0.006535797543602663 -0.0705348251806627 0.9974879055844251 2.493139616413089 0.0 0.0 0.0 1.0
Undistorted_SfM/0015/images/2087060047_320bbd3696_o.jpg Undistorted_SfM/0015/images/3333646021_9216d3ba89_o.jpg 0 0 1609.4 0.0 592.0 0.0 1609.99 800.0 0.0 0.0 1.0 4850.15 0.0 637.5 0.0 4850.15 426.5 0.0 0.0 1.0 0.9933287606397581 0.032826267581874465 -0.11054596076983284 0.4296036453818979 0.002341951059276413 0.9526877989893857 0.30394156168907854 1.3457020565295201 0.11529305508623754 -0.30217278800944847 0.9462553131346098 4.512974380759 0.0 0.0 0.0 1.0
Undistorted_SfM/0015/images/2189792388_50f1cddf2a_o.jpg Undistorted_SfM/0015/images/3008979244_8b871a9a9b_o.jpg 0 0 7553.15 0.0 794.0 0.0 7553.15 595.0 0.0 0.0 1.0 1756.33 0.0 641.5 0.0 1756.33 426.5 0.0 0.0 1.0 0.9793525294926828 -0.058353489114061345 -0.19355488442428856 2.0630310177167672 0.020086485024881296 0.9807848101137756 -0.19405589238523613 0.5114001035026512 0.20115952897049094 0.18616129178295968 0.961706201158166 2.634871999218947 0.0 0.0 0.0 1.0
Undistorted_SfM/0015/images/3754963175_0bf751b69e_o.jpg Undistorted_SfM/0015/images/2303006132_e8c635902c_o.jpg 0 0 3795.71 0.0 800.0 0.0 3795.65 598.0 0.0 0.0 1.0 802.094 0.0 519.5 0.0 802.094 382.0 0.0 0.0 1.0 0.9292991709387105 0.06999700615058368 0.36263407178942775 0.16484695984234765 -0.13268567326487954 0.9795977772646721 0.15093941462838442 -0.17419075238780035 -0.3446702235512527 -0.18838421884029682 0.9196270021530796 -0.5381773920659385 0.0 0.0 0.0 1.0
Undistorted_SfM/0015/images/4043252998_b660b7dffa_o.jpg Undistorted_SfM/0015/images/399364960_845892e7d7_o.jpg 0 0 6399.65 0.0 527.0 0.0 6399.65 787.5 0.0 0.0 1.0 1553.33 0.0 800.0 0.0 1553.0 589.5 0.0 0.0 1.0 0.8703362996613719 -0.09242677016428076 -0.48370654083726133 7.44716410030917 0.1030290280347411 0.9946673375266444 -0.004680495686721718 -1.4773049488757821 0.4815597002179133 -0.045762209459947516 0.8752177302313846 -4.057213129897853 0.0 0.0 0.0 1.0
Undistorted_SfM/0015/images/2189792388_50f1cddf2a_o.jpg Undistorted_SfM/0015/images/4142908691_3884438815_o.jpg 0 0 7553.15 0.0 794.0 0.0 7553.15 595.0 0.0 0.0 1.0 2536.54 0.0 640.0 0.0 2536.54 479.5 0.0 0.0 1.0 0.977966030578183 0.09802359442708221 0.18431987947790077 -2.2517183418915083 -0.07079624219035834 0.9863142713029972 -0.1489028217186004 1.509026734198062 -0.1963933174190942 0.1325727466700153 0.9715215549402347 5.382264726894839 0.0 0.0 0.0 1.0
Undistorted_SfM/0015/images/297924462_822756e234_o.jpg Undistorted_SfM/0015/images/3206255109_c13eacc5ee_o.jpg 0 0 1244.92 0.0 800.0 0.0 1244.64 519.5 0.0 0.0 1.0 1269.53 0.0 800.0 0.0 1270.05 518.0 0.0 0.0 1.0 0.7089626232576782 0.3504236284259128 0.6120255545844555 -4.591190067235107 -0.21462893042110126 0.9338615237710455 -0.2860718033052453 3.103677864271654 -0.6717934362956267 0.07145582594049843 0.737283964215468 8.891375148811536 0.0 0.0 0.0 1.0
Undistorted_SfM/0015/images/143983789_f030e8f660_o.jpg Undistorted_SfM/0015/images/138728131_7b2091047c_o.jpg 0 0 4849.39 0.0 634.0 0.0 4849.39 475.0 0.0 0.0 1.0 1606.67 0.0 800.0 0.0 1606.92 593.5 0.0 0.0 1.0 0.9994306424322513 -0.027250439411234426 -0.019894836499757932 0.20990325571965496 0.027528071122838307 0.9995255347733578 0.013817041517243427 -0.9892287547875545 0.019508876638940912 -0.014356841154234261 0.9997065993802177 -2.938743596539884 0.0 0.0 0.0 1.0
Undistorted_SfM/0015/images/3018384583_98264ff1fd_o.jpg Undistorted_SfM/0015/images/301589598_39710c03a0_o.jpg 0 0 7591.5 0.0 797.5 0.0 7591.5 598.0 0.0 0.0 1.0 2026.21 0.0 763.0 0.0 2026.21 429.0 0.0 0.0 1.0 0.9817132583784587 0.04763690592687397 0.18430898924811656 -1.906836046006108 -0.033135950411979836 0.9961652605799002 -0.08097396127196942 -0.20052242277627755 -0.18745956127720723 0.0733859578359084 0.9795271379998932 -0.7210966862259907 0.0 0.0 0.0 1.0
Undistorted_SfM/0015/images/1969087925_0f439b6bc7_o.jpg Undistorted_SfM/0015/images/375696071_1c3e63e9e3_o.jpg 0 0 6489.92 0.0 510.5 0.0 6489.92 783.5 0.0 0.0 1.0 1900.64 0.0 800.0 0.0 1899.93 524.5 0.0 0.0 1.0 0.9974059229308245 -0.00456671206526311 0.07183710770501965 0.2278483820065218 0.012048997107343511 0.9944968813783037 -0.10407100747823593 -0.08181428737211341 -0.07096651725438438 0.10466660436710848 0.9919721041234185 -0.2676184645477176 0.0 0.0 0.0 1.0
Undistorted_SfM/0015/images/2194561992_291a49be1f_o.jpg Undistorted_SfM/0015/images/2717936641_b15325a1d6_o.jpg 0 0 7015.79 0.0 796.0 0.0 7015.79 596.5 0.0 0.0 1.0 1612.21 0.0 800.0 0.0 1612.63 595.0 0.0 0.0 1.0 0.9903659557078427 0.043230754586028236 0.13155369866641656 -0.48840524427211296 -0.036849864943611726 0.9980410220224225 -0.05055893406783504 -0.009678048554635277 -0.13348168873867808 0.04522411102897124 0.9900188980787745 -0.18319808837144702 0.0 0.0 0.0 1.0
Undistorted_SfM/0015/images/3180621539_767abc2e6b_o.jpg Undistorted_SfM/0015/images/2979505208_68bf32c5c6_o.jpg 0 0 2392.41 0.0 536.0 0.0 2392.28 800.0 0.0 0.0 1.0 2008.63 0.0 800.0 0.0 2009.12 594.5 0.0 0.0 1.0 0.9993593827751498 -0.035669327195616184 -0.002919444585173761 2.239714843230263 0.02775493195144424 0.823944081400084 -0.565991002117651 0.7827050580038832 0.02259397733123862 0.5655473895467867 0.8244062483782936 6.093811219938485 0.0 0.0 0.0 1.0
Undistorted_SfM/0015/images/2377126482_267da586f5_o.jpg Undistorted_SfM/0015/images/389635453_56b927cfe2_o.jpg 0 0 2117.67 0.0 800.0 0.0 2116.8 594.0 0.0 0.0 1.0 4593.99 0.0 800.0 0.0 4593.03 599.0 0.0 0.0 1.0 0.9854084300717818 -0.03508141655161742 -0.16655185425626245 1.783202170414564 0.04567666908146591 0.9971397421465484 0.060216082017490014 -1.6239916004584907 0.16396300755075716 -0.06694496877769612 0.9841923101255491 -4.635252485523341 0.0 0.0 0.0 1.0
Undistorted_SfM/0015/images/513740738_c66351e607_o.jpg Undistorted_SfM/0015/images/275604789_5295436922_o.jpg 0 0 2012.66 0.0 648.0 0.0 2012.66 483.0 0.0 0.0 1.0 3454.49 0.0 800.0 0.0 3455.57 532.5 0.0 0.0 1.0 0.9897245057673346 0.004606431915560584 -0.1429132025692931 2.191000430077102 0.027269977777549744 0.975054836001977 0.22028258011283985 -2.0441698762924334 0.1403629260011932 -0.22191630758951691 0.9649100483621351 -5.855456979788977 0.0 0.0 0.0 1.0
Undistorted_SfM/0015/images/1798788753_fd07135a57_o.jpg Undistorted_SfM/0015/images/2364083476_4263241831_o.jpg 0 0 4724.92 0.0 799.0 0.0 4724.92 597.5 0.0 0.0 1.0 1626.36 0.0 800.0 0.0 1626.76 592.0 0.0 0.0 1.0 0.783618067070857 -0.05745853930772322 -0.6185800200626883 2.99002607445481 0.178716642527517 0.9744724063440102 0.13588190077345058 -0.08316758572040572 0.5949815851300145 -0.21703005675421325 0.7738829807027918 -0.23158698202467853 0.0 0.0 0.0 1.0
Undistorted_SfM/0015/images/3334480814_7aa9549809_o.jpg Undistorted_SfM/0015/images/2087061093_e736a18497_o.jpg 0 0 4477.54 0.0 640.5 0.0 4477.54 428.0 0.0 0.0 1.0 1601.96 0.0 800.0 0.0 1601.78 590.5 0.0 0.0 1.0 0.9944531703429308 -0.002258255780104295 0.1051560377521245 -0.839560783076498 0.025204590725366408 0.9757563734983922 -0.21740337666106505 -0.3695059995987721 -0.10211572161651396 0.21884789205769795 0.9704009375204877 -4.256830305023261 0.0 0.0 0.0 1.0
Undistorted_SfM/0015/images/1969087925_0f439b6bc7_o.jpg Undistorted_SfM/0015/images/2492313401_4e912ecf9a_o.jpg 0 0 6489.92 0.0 510.5 0.0 6489.92 783.5 0.0 0.0 1.0 1797.23 0.0 800.0 0.0 1797.04 586.0 0.0 0.0 1.0 0.9570173139547685 -0.10294248869553495 -0.27114701697044197 3.6962160938680233 0.0424100959390346 0.9745116312929166 -0.22029177069800043 -0.04940293444822115 0.2869133049428718 0.1993236676764408 0.9369903046194077 0.018445137200747475 0.0 0.0 0.0 1.0
Undistorted_SfM/0015/images/3016357975_e207c12959_o.jpg Undistorted_SfM/0015/images/3480265591_02fd1d7f7e_o.jpg 0 0 3489.6 0.0 800.0 0.0 3488.52 534.0 0.0 0.0 1.0 1611.88 0.0 778.0 0.0 1611.88 583.5 0.0 0.0 1.0 0.9542763690249089 0.0959124095574421 0.28312085972870676 -3.2445396745780855 -0.05644010326339239 0.9879032731071492 -0.14443558331588094 0.39144223432634695 -0.29354918883256026 0.12185209344556497 0.948146054708176 3.612823211769049 0.0 0.0 0.0 1.0
Undistorted_SfM/0015/images/4043252998_b660b7dffa_o.jpg Undistorted_SfM/0015/images/2325836121_e85dbb6f79_o.jpg 0 0 6399.65 0.0 527.0 0.0 6399.65 787.5 0.0 0.0 1.0 1788.56 0.0 800.0 0.0 1787.9 594.5 0.0 0.0 1.0 0.9931694890301987 0.00861064895870151 -0.11636246295091061 1.99441707051337 -0.027730995750419297 0.9861175727294893 -0.16371659851337922 0.1064430023311907 0.11333736336346571 0.16582517745689504 0.9796206677011288 1.4672231436205674 0.0 0.0 0.0 1.0
Undistorted_SfM/0015/images/3632840523_e97b9667e3_o.jpg Undistorted_SfM/0015/images/612566511_4ab3b0de3b_o.jpg 0 0 4646.61 0.0 519.5 0.0 4646.61 780.0 0.0 0.0 1.0 1452.01 0.0 651.5 0.0 1452.01 484.5 0.0 0.0 1.0 0.986480745430124 0.0298658699467445 0.16113276733163592 0.08213676336944742 -0.021167892634325933 0.9982381849752141 -0.05542965252292152 0.035900533712293334 -0.1625043359946086 0.0512694438209965 0.9853749463596266 0.4977294815207625 0.0 0.0 0.0 1.0
Undistorted_SfM/0015/images/325577046_bce16e0ba8_o.jpg Undistorted_SfM/0015/images/160045183_bfea1204a5_o.jpg 0 0 1650.14 0.0 800.0 0.0 1650.57 595.0 0.0 0.0 1.0 1632.27 0.0 655.0 0.0 1632.27 428.5 0.0 0.0 1.0 0.8876571339733264 -0.1296125678904314 -0.4418884415224141 1.578774994818325 0.04909159242732582 0.9807393009642063 -0.1890514191885088 1.5788241868845363 0.45788080114720786 0.14611983366089717 0.8769231244252271 9.760120281355904 0.0 0.0 0.0 1.0
Undistorted_SfM/0015/images/389635453_56b927cfe2_o.jpg Undistorted_SfM/0015/images/330734230_843d97598d_o.jpg 0 0 4593.99 0.0 800.0 0.0 4593.03 599.0 0.0 0.0 1.0 1776.31 0.0 800.0 0.0 1776.77 595.0 0.0 0.0 1.0 0.8996230590286752 0.16449366932628634 0.4044999189313418 -2.5452774018549498 -0.06260701807297263 0.9653521289870108 -0.2533290910027046 0.5122956627300902 -0.4321558896415716 0.20257615805375637 0.8787514934475392 4.914901607673542 0.0 0.0 0.0 1.0
Undistorted_SfM/0015/images/3413545761_535151c7b5_o.jpg Undistorted_SfM/0015/images/325576679_48d1b5cb11_o.jpg 0 0 6467.11 0.0 798.0 0.0 6467.11 598.5 0.0 0.0 1.0 2336.01 0.0 800.0 0.0 2335.32 596.0 0.0 0.0 1.0 0.9389038145851099 -0.11946079488354047 -0.3227828146654056 2.8851587881666205 0.0119827075109177 0.9486095293154522 -0.3162220353052963 1.0055992647776797 0.34397098958812894 0.2930342631463237 0.8920845693901749 6.6966741034028505 0.0 0.0 0.0 1.0
Undistorted_SfM/0015/images/1969087925_0f439b6bc7_o.jpg Undistorted_SfM/0015/images/207359015_917287c744_o.jpg 0 0 6489.92 0.0 510.5 0.0 6489.92 783.5 0.0 0.0 1.0 1745.96 0.0 800.0 0.0 1745.57 589.5 0.0 0.0 1.0 0.9604706909851307 -0.06993923199841964 -0.2694523252562808 3.541847812197787 0.02671950079168727 0.986617969733892 -0.16084480120792188 -0.21236125043638243 0.27709586795184865 0.14728708573953164 0.94948638449341 -0.0697371685877719 0.0 0.0 0.0 1.0
Undistorted_SfM/0015/images/2390642358_6f35ba023d_o.jpg Undistorted_SfM/0015/images/3877294130_8f0a096dbd_o.jpg 0 0 5258.74 0.0 800.0 0.0 5257.09 532.5 0.0 0.0 1.0 1592.89 0.0 800.0 0.0 1593.03 592.5 0.0 0.0 1.0 0.9938255462098493 -0.0847635946538043 -0.07159550769469257 -0.26866793790743904 0.07079038939585162 0.9812790083397996 -0.17910954346668131 -0.07593760988286802 0.08543713753327006 0.1729353659984704 0.9812205943196957 -0.22771171456352146 0.0 0.0 0.0 1.0
Undistorted_SfM/0015/images/4043252998_b660b7dffa_o.jpg Undistorted_SfM/0015/images/1017541041_394e9f81d4_o.jpg 0 0 6399.65 0.0 527.0 0.0 6399.65 787.5 0.0 0.0 1.0 1672.01 0.0 800.0 0.0 1671.61 597.5 0.0 0.0 1.0 0.9945258509133755 -0.0647570734419481 -0.08200520290969221 1.8322898548235032 0.05047873530956366 0.9849060769722486 -0.16556544574482465 -0.2429557835544296 0.09148895641864463 0.1605195968795387 0.9827834094402781 -2.428294460071667 0.0 0.0 0.0 1.0
Undistorted_SfM/0015/images/2704335322_1a11018a73_o.jpg Undistorted_SfM/0015/images/2183301381_9d1dfdb9d3_o.jpg 0 0 3886.44 0.0 793.5 0.0 3886.44 595.0 0.0 0.0 1.0 2249.46 0.0 644.0 0.0 2249.46 481.5 0.0 0.0 1.0 0.9942925561093519 -0.04530714915681508 -0.09658972564829629 -0.042490221084959146 0.02887875973809107 0.985845375020706 -0.16515118463478498 1.0465738207709647 0.10270506366056463 0.1614192020348425 0.981527132132838 5.09593104303258 0.0 0.0 0.0 1.0
Undistorted_SfM/0015/images/479591780_e4fc8a42ae_o.jpg Undistorted_SfM/0015/images/2588733932_079fa6732a_o.jpg 0 0 5190.8 0.0 579.0 0.0 5190.8 774.0 0.0 0.0 1.0 1403.34 0.0 800.0 0.0 1403.28 520.0 0.0 0.0 1.0 0.9239404573265433 -0.10014551324106245 -0.36919494510746204 0.2110658659728042 0.06644072212088817 0.992466433536871 -0.10293691634519997 1.0535127012957675 0.37672226076948595 0.07057800280744675 0.9236336307002031 4.244368918140841 0.0 0.0 0.0 1.0
Undistorted_SfM/0015/images/143983789_f030e8f660_o.jpg Undistorted_SfM/0015/images/2689679632_c545872fab_o.jpg 0 0 4849.39 0.0 634.0 0.0 4849.39 475.0 0.0 0.0 1.0 1067.83 0.0 580.5 0.0 1067.83 442.0 0.0 0.0 1.0 0.9516341619817769 -0.11256329418958322 -0.2858704716308235 2.5911130894757193 0.08300348844291422 0.990061010647306 -0.11353244515266162 -0.9920326966987927 0.2958087940808169 0.0843131069124156 0.9515190262665416 -5.086824866975889 0.0 0.0 0.0 1.0
Undistorted_SfM/0015/images/3053356730_771cf031ac_o.jpg Undistorted_SfM/0015/images/330734230_843d97598d_o.jpg 0 0 3854.0 0.0 795.0 0.0 3854.0 530.0 0.0 0.0 1.0 1776.31 0.0 800.0 0.0 1776.77 595.0 0.0 0.0 1.0 0.9958551195955335 -0.044977551837946037 -0.07905441547460468 0.7522344671651311 0.026058409346713912 0.9738266997542472 -0.22579308702453857 0.27682597048747953 0.0871409207989313 0.22279716936356406 0.9709623480062954 2.565265078431561 0.0 0.0 0.0 1.0
Undistorted_SfM/0015/images/2704335322_1a11018a73_o.jpg Undistorted_SfM/0015/images/519495813_f5888bacef_o.jpg 0 0 3886.44 0.0 793.5 0.0 3886.44 595.0 0.0 0.0 1.0 2447.95 0.0 799.5 0.0 2447.95 532.5 0.0 0.0 1.0 0.9197126563536326 -0.1254284661924771 -0.37201657168941704 0.4276653943711577 0.03684466925673982 0.9709845672552765 -0.23628677597242878 1.056095592818303 0.3908594377654273 0.20360911084891528 0.8976481659809749 7.404279620462486 0.0 0.0 0.0 1.0
Undistorted_SfM/0015/images/3413545761_535151c7b5_o.jpg Undistorted_SfM/0015/images/91859233_136e683590_o.jpg 0 0 6467.11 0.0 798.0 0.0 6467.11 598.5 0.0 0.0 1.0 1660.12 0.0 800.0 0.0 1660.27 592.5 0.0 0.0 1.0 0.9978617023372578 0.04591536418419754 0.04651668883768432 -0.1183018468339685 -0.03714156649118703 0.9839583470304922 -0.17448918404188338 -0.021232593539791678 -0.05378221868954616 0.17238837153605807 0.9835597197486157 -0.020310564833611267 0.0 0.0 0.0 1.0
Undistorted_SfM/0015/images/389635453_56b927cfe2_o.jpg Undistorted_SfM/0015/images/2756654594_b2217afd1c_o.jpg 0 0 4593.99 0.0 800.0 0.0 4593.03 599.0 0.0 0.0 1.0 1715.97 0.0 800.0 0.0 1716.12 592.5 0.0 0.0 1.0 0.9993170730326845 0.03392851402563668 0.014637058495453431 -0.0013158208863520426 -0.02921153443255909 0.9679667900695088 -0.2493731733339162 0.14369238562625541 -0.022629047736980993 0.2487752987306902 0.9682968434008097 1.5080975043198777 0.0 0.0 0.0 1.0
Undistorted_SfM/0015/images/3018384583_98264ff1fd_o.jpg Undistorted_SfM/0015/images/2387318672_0f9986d347_o.jpg 0 0 7591.5 0.0 797.5 0.0 7591.5 598.0 0.0 0.0 1.0 2433.3 0.0 800.0 0.0 2433.03 594.5 0.0 0.0 1.0 0.9923136153686785 0.05858546765387109 0.10900198041191392 -1.0537523564612732 -0.04075332658296724 0.9864105800616741 -0.1591644869775086 0.13991600830970502 -0.11684543262945309 0.1534988942050356 0.9812162016352293 1.1516859185795356 0.0 0.0 0.0 1.0
Undistorted_SfM/0015/images/2303006132_e8c635902c_o.jpg Undistorted_SfM/0015/images/2416783016_245686617a_o.jpg 0 0 802.094 0.0 519.5 0.0 802.094 382.0 0.0 0.0 1.0 3067.28 0.0 800.0 0.0 3066.62 598.5 0.0 0.0 1.0 0.9600469954399319 0.06967032695022 0.27102732720043154 0.6355610221822756 -0.037644948694413725 0.991862551664643 -0.12162046062689565 -0.10388615827424075 -0.27729519358358035 0.10655854798162748 0.954857398498589 -0.5686789337215767 0.0 0.0 0.0 1.0
Undistorted_SfM/0015/images/389635453_56b927cfe2_o.jpg Undistorted_SfM/0015/images/3754970917_99d7cf4861_o.jpg 0 0 4593.99 0.0 800.0 0.0 4593.03 599.0 0.0 0.0 1.0 1988.9 0.0 587.0 0.0 1988.42 800.0 0.0 0.0 1.0 0.95382843878918 -0.05844319955941041 -0.2946111026119922 0.23395099508706418 0.015882141258622362 0.9893280211692757 -0.1448372331906634 1.2261224852224073 0.29993177048461545 0.1334708168647528 0.9445774050332875 5.73532370867739 0.0 0.0 0.0 1.0
Undistorted_SfM/0015/images/2416022433_ec37763a52_o.jpg Undistorted_SfM/0015/images/492111834_53b604129e_o.jpg 0 0 4102.72 0.0 800.0 0.0 4103.56 599.0 0.0 0.0 1.0 1568.87 0.0 800.0 0.0 1569.3 590.5 0.0 0.0 1.0 0.9925043869220791 -0.03784329102049266 -0.1162020966470332 -0.7279034128508517 0.010605315946698623 0.973931086826572 -0.2265960400944442 0.3869078646459646 0.12174797416835666 0.22366520390429662 0.9670322162928964 1.3780692182375316 0.0 0.0 0.0 1.0
Undistorted_SfM/0015/images/479591780_e4fc8a42ae_o.jpg Undistorted_SfM/0015/images/2409395451_667a447a49_o.jpg 0 0 5190.8 0.0 579.0 0.0 5190.8 774.0 0.0 0.0 1.0 1696.88 0.0 800.0 0.0 1696.63 588.5 0.0 0.0 1.0 0.9042677149935139 0.10684740545684515 0.41338061343941657 -2.287272184772763 -0.09120048748741136 0.9941731121661714 -0.05746559081648346 0.9245701260894292 -0.41711194025401177 0.014263765034853649 0.9087431839109238 3.5634766908343645 0.0 0.0 0.0 1.0
Undistorted_SfM/0015/images/479591780_e4fc8a42ae_o.jpg Undistorted_SfM/0015/images/2248320068_7553a48263_o.jpg 0 0 5190.8 0.0 579.0 0.0 5190.8 774.0 0.0 0.0 1.0 1579.21 0.0 800.0 0.0 1579.09 499.0 0.0 0.0 1.0 0.998888875081464 -0.0032057062037912968 -0.047018493023726474 0.3549708310717059 -0.0004301808249103855 0.997022060044696 -0.07711567109666241 -0.11536631729470292 0.04712568495995706 0.07705021240701236 0.9959128649561111 -0.5879082746946231 0.0 0.0 0.0 1.0
Undistorted_SfM/0015/images/371144977_3838c8d978_o.jpg Undistorted_SfM/0015/images/3665648119_3d88cde71f_o.jpg 0 0 5681.38 0.0 796.5 0.0 5681.38 597.0 0.0 0.0 1.0 1662.67 0.0 800.0 0.0 1662.81 592.5 0.0 0.0 1.0 0.9916124719866429 0.04291988140008213 0.12191221916257054 0.20637644639908093 -0.04562283685381022 0.9987690612101183 0.01946584513629295 -0.1908637576008134 -0.12092668091844072 -0.024864556100248663 0.9923499844772445 -0.5795818568011648 0.0 0.0 0.0 1.0
Undistorted_SfM/0015/images/2376290325_1f10c6d2ce_o.jpg Undistorted_SfM/0015/images/1162164006_4b2185f4e7_o.jpg 0 0 6271.78 0.0 798.0 0.0 6271.78 598.5 0.0 0.0 1.0 2000.02 0.0 800.0 0.0 1999.34 524.5 0.0 0.0 1.0 0.9804711354727793 0.03540601213973064 0.19344964928652475 -0.6545186499599502 -0.023565062334034763 0.9977244111764043 -0.06317188599282064 0.007421998640481708 -0.19524610198903136 0.0573795577454037 0.9790743311981118 0.058589929521565054 0.0 0.0 0.0 1.0
Undistorted_SfM/0015/images/389635453_56b927cfe2_o.jpg Undistorted_SfM/0015/images/399366437_93d93efe8f_o.jpg 0 0 4593.99 0.0 800.0 0.0 4593.03 599.0 0.0 0.0 1.0 2254.21 0.0 800.0 0.0 2254.05 596.5 0.0 0.0 1.0 0.9961696231279484 -0.016048550006049763 -0.08595653552710403 0.6055810289936777 -0.009304339627262424 0.9579782786174723 -0.2866898096570673 0.3194198031211658 0.08694544968668302 0.28639144844043124 0.9541595396153466 5.1432958066996495 0.0 0.0 0.0 1.0
Undistorted_SfM/0015/images/2689679632_c545872fab_o.jpg Undistorted_SfM/0015/images/3414365394_74d45cbafd_o.jpg 0 0 1067.83 0.0 580.5 0.0 1067.83 442.0 0.0 0.0 1.0 3821.04 0.0 599.0 0.0 3821.84 800.0 0.0 0.0 1.0 0.9996141683762647 0.019332476304726478 0.019944165596888618 -0.47735957717189903 -0.020526793808331754 0.9978943196060116 0.061527047987087795 0.10222574245319205 -0.018712699361106776 -0.061912698681145836 0.9979061341752734 0.2472400846402496 0.0 0.0 0.0 1.0
Undistorted_SfM/0015/images/4043252998_b660b7dffa_o.jpg Undistorted_SfM/0015/images/389635223_1213f76125_o.jpg 0 0 6399.65 0.0 527.0 0.0 6399.65 787.5 0.0 0.0 1.0 1918.98 0.0 800.0 0.0 1918.6 594.0 0.0 0.0 1.0 0.9835280248143216 -0.049248595076281085 -0.17391722251649017 3.7211945977977314 0.033053091417954504 0.9949454509801746 -0.09482110905053616 -0.7222445293662804 0.17770795579420243 0.08751071624018282 0.9801845525157875 -3.6828443580406236 0.0 0.0 0.0 1.0
Undistorted_SfM/0015/images/3016357975_e207c12959_o.jpg Undistorted_SfM/0015/images/3206255109_c13eacc5ee_o.jpg 0 0 3489.6 0.0 800.0 0.0 3488.52 534.0 0.0 0.0 1.0 1269.53 0.0 800.0 0.0 1270.05 518.0 0.0 0.0 1.0 0.904872526777993 0.1494090867470853 0.39860084681271496 -4.913596766299646 -0.17896833356788885 0.9831295872560458 0.037769700047655015 1.6177845279748952 -0.38623314961606325 -0.10551369323058926 0.9163464490456094 4.425372275474685 0.0 0.0 0.0 1.0
Undistorted_SfM/0015/images/2303006132_e8c635902c_o.jpg Undistorted_SfM/0015/images/3103619104_4b7b5d04de_o.jpg 0 0 802.094 0.0 519.5 0.0 802.094 382.0 0.0 0.0 1.0 4426.28 0.0 800.0 0.0 4425.36 599.0 0.0 0.0 1.0 0.928489993715829 0.08764198574306392 0.3608673078911327 -1.170603523622268 -0.03962178361832096 0.9895847999499204 -0.13839088832354177 0.5437236294938925 -0.36923765494933464 0.11419634864166492 0.9222921164817732 4.034379023758478 0.0 0.0 0.0 1.0
Undistorted_SfM/0015/images/3016357975_e207c12959_o.jpg Undistorted_SfM/0015/images/2325836121_e85dbb6f79_o.jpg 0 0 3489.6 0.0 800.0 0.0 3488.52 534.0 0.0 0.0 1.0 1788.56 0.0 800.0 0.0 1787.9 594.5 0.0 0.0 1.0 0.9491716350523544 0.15360005349863706 0.2747366571414446 -2.880563232861431 -0.10404134998580054 0.9768895846926523 -0.18671405092319546 0.794400320797684 -0.2970666671055034 0.148639708302436 0.9432166412922295 6.201439148800654 0.0 0.0 0.0 1.0
Undistorted_SfM/0015/images/389635453_56b927cfe2_o.jpg Undistorted_SfM/0015/images/1017541041_394e9f81d4_o.jpg 0 0 4593.99 0.0 800.0 0.0 4593.03 599.0 0.0 0.0 1.0 1672.01 0.0 800.0 0.0 1671.61 597.5 0.0 0.0 1.0 0.9919335102249515 0.02807328208202023 0.12361149673856657 -1.5837915720495324 0.0002149835982353431 0.9747933663803846 -0.22310949473935476 0.13335886820578452 -0.12675908281010012 0.22133635872567575 0.9669241703624956 1.9435349131456052 0.0 0.0 0.0 1.0
Undistorted_SfM/0015/images/2189792388_50f1cddf2a_o.jpg Undistorted_SfM/0015/images/2218788515_34db1b55c4_o.jpg 0 0 7553.15 0.0 794.0 0.0 7553.15 595.0 0.0 0.0 1.0 2440.0 0.0 799.0 0.0 2440.0 533.0 0.0 0.0 1.0 0.9900898963310927 0.04706915709224573 0.13231209934738594 -0.8639224409033573 -0.020007686729907888 0.9798258271140754 -0.19884929215849811 0.7405780859827404 -0.1390024807505423 0.19423141602439956 0.9710573965396446 3.8126694683529663 0.0 0.0 0.0 1.0
Undistorted_SfM/0015/images/186728502_b8b38745c0_o.jpg Undistorted_SfM/0015/images/370516634_5c74ecd7c2_o.jpg 0 0 1390.04 0.0 654.0 0.0 1390.04 384.5 0.0 0.0 1.0 3995.84 0.0 795.0 0.0 3995.84 596.0 0.0 0.0 1.0 0.9170714285080719 0.06320306417367472 0.393681810213809 -4.225242049981412 -0.07242133811922978 0.997337156222326 0.008587584257759134 -0.3381658541618295 -0.3920907354161577 -0.03638639165158151 0.9192066610416795 -0.7354459556917299 0.0 0.0 0.0 1.0
Undistorted_SfM/0015/images/48028783_2142293d9f_o.jpg Undistorted_SfM/0015/images/423966189_a67818f8c4_o.jpg 0 0 1600.48 0.0 800.0 0.0 1600.09 593.5 0.0 0.0 1.0 1753.53 0.0 800.0 0.0 1753.48 593.5 0.0 0.0 1.0 0.8770786076102937 -0.2638837433948297 -0.4013707588306855 3.09212120745309 0.05244389950483433 0.883196297750589 -0.46606216006492096 1.3523689069524507 0.4774753956772174 0.3877237026692912 0.7884716715972104 9.905935442645522 0.0 0.0 0.0 1.0
Undistorted_SfM/0015/images/275486582_9571058cb1_o.jpg Undistorted_SfM/0015/images/52238529_37c8237e2b_o.jpg 0 0 1695.79 0.0 800.0 0.0 1695.36 521.0 0.0 0.0 1.0 1919.38 0.0 791.5 0.0 1919.38 474.5 0.0 0.0 1.0 0.9506634963577414 0.08736404693553516 0.29766833892088573 -1.8904321297415339 -0.13256796852363253 0.9819101214718472 0.13519706754460073 -0.991255273226625 -0.28047219187361666 -0.16798820391381003 0.9450477834117281 -3.1684018869146087 0.0 0.0 0.0 1.0
Undistorted_SfM/0015/images/4043252998_b660b7dffa_o.jpg Undistorted_SfM/0015/images/492111834_53b604129e_o.jpg 0 0 6399.65 0.0 527.0 0.0 6399.65 787.5 0.0 0.0 1.0 1568.87 0.0 800.0 0.0 1569.3 590.5 0.0 0.0 1.0 0.9286717280939426 -0.09644842288120271 -0.35814316015071096 6.197663091569439 0.07142439824084167 0.9940292664710217 -0.08248862185184398 -0.6181581727779633 0.3639606802594791 0.05102469130540168 0.9300156472351659 -3.4861076162040625 0.0 0.0 0.0 1.0
Undistorted_SfM/0015/images/4171014767_0fe879b783_o.jpg Undistorted_SfM/0015/images/1357054806_316d0fe26a_o.jpg 0 0 1144.51 0.0 528.0 0.0 1144.51 390.0 0.0 0.0 1.0 4833.75 0.0 795.5 0.0 4833.75 596.5 0.0 0.0 1.0 0.9934991022185261 -0.035506830577749705 -0.10816098591129929 1.1248902831436216 0.03862925071413458 0.9988911883820536 0.026910495386621384 0.41248067183665277 0.10708554935305621 -0.03091373084911986 0.9937691011320189 1.7524700273325837 0.0 0.0 0.0 1.0
Undistorted_SfM/0015/images/2959733121_2a804e7d1c_o.jpg Undistorted_SfM/0015/images/3228510319_5901f7015b_o.jpg 0 0 1709.43 0.0 591.5 0.0 1709.78 800.0 0.0 0.0 1.0 5445.41 0.0 790.5 0.0 5445.41 593.0 0.0 0.0 1.0 0.9999298351677938 -0.008652117658777355 -0.0080910815919358 -0.22480534551860964 0.008261521750460516 0.9988549724679733 -0.04712208860365446 0.9404301206056751 0.00848952293567535 0.04705193764365779 0.9988563676346571 3.0532700162058894 0.0 0.0 0.0 1.0
Undistorted_SfM/0015/images/317786294_ce2a9cf79c_o.jpg Undistorted_SfM/0015/images/389637521_82abe2d494_o.jpg 0 0 1654.8 0.0 800.0 0.0 1654.36 591.0 0.0 0.0 1.0 4614.7 0.0 800.0 0.0 4614.68 599.0 0.0 0.0 1.0 0.9999586627168947 -0.008914916830446058 -0.0017880479146373445 0.2866988704569362 0.009092400394186892 0.9811476731252486 0.19304551736826778 -0.1170881054440236 3.335431905434238e-05 -0.19305379503862832 0.9811881731394198 -0.16865217606620408 0.0 0.0 0.0 1.0
Undistorted_SfM/0015/images/350639788_462a038755_o.jpg Undistorted_SfM/0015/images/2993494960_fbb5616487_o.jpg 0 0 4632.96 0.0 800.0 0.0 4631.91 598.0 0.0 0.0 1.0 2773.3 0.0 800.0 0.0 2772.69 591.5 0.0 0.0 1.0 0.910882744286525 0.15111967052919942 0.3839993116402617 -2.038431848026525 -0.026078017742223913 0.9497542864503777 -0.31190821143370084 1.0534205728512593 -0.4118404583715457 0.27409786673427466 0.86905569228907 7.70742528631297 0.0 0.0 0.0 1.0
Undistorted_SfM/0015/images/2704335322_1a11018a73_o.jpg Undistorted_SfM/0015/images/1017541041_394e9f81d4_o.jpg 0 0 3886.44 0.0 793.5 0.0 3886.44 595.0 0.0 0.0 1.0 1672.01 0.0 800.0 0.0 1671.61 597.5 0.0 0.0 1.0 0.9492382661867481 -0.12620140441413666 -0.28813177459398065 1.0469698968574048 0.04794637723085858 0.9633350732814481 -0.2639823507287246 0.44074229856174774 0.3108823875957162 0.23676727415275683 0.9204854148616699 3.8801549437255556 0.0 0.0 0.0 1.0
Undistorted_SfM/0015/images/2441106114_fb6683563e_o.jpg Undistorted_SfM/0015/images/399364960_845892e7d7_o.jpg 0 0 5311.04 0.0 800.0 0.0 5310.99 532.0 0.0 0.0 1.0 1553.33 0.0 800.0 0.0 1553.0 589.5 0.0 0.0 1.0 0.8868292824688194 -0.060726925543273635 -0.4580895810536423 7.066791170780874 0.07949985007301766 0.9965966567708582 0.021791685375757746 -1.6224905506114695 0.4552072029243469 -0.05574355771934529 0.8886388795110101 -4.611129036361892 0.0 0.0 0.0 1.0
Undistorted_SfM/0015/images/1969087925_0f439b6bc7_o.jpg Undistorted_SfM/0015/images/3827640857_c93cdfb501_o.jpg 0 0 6489.92 0.0 510.5 0.0 6489.92 783.5 0.0 0.0 1.0 2145.54 0.0 800.0 0.0 2145.45 530.5 0.0 0.0 1.0 0.9943596883740644 -0.0584904668767885 -0.08847415114692755 1.5496866164974612 0.04335574731477368 0.9854701492505196 -0.16422199642842075 -0.24157310934701987 0.09679405617811235 0.159459870251716 0.9824476884129226 -1.203314565785883 0.0 0.0 0.0 1.0
Undistorted_SfM/0015/images/350639788_462a038755_o.jpg Undistorted_SfM/0015/images/3635974944_b128702f4b_o.jpg 0 0 4632.96 0.0 800.0 0.0 4631.91 598.0 0.0 0.0 1.0 1091.4 0.0 800.0 0.0 1091.84 520.5 0.0 0.0 1.0 0.8482512854095438 0.19704819031838122 0.4915707146416552 -3.576023036915096 -0.18695570126915828 0.9798589657131234 -0.07017102731587845 -0.3590441949615477 -0.4954970459690086 -0.03237928356001001 0.8680059097910142 -0.6978970943231211 0.0 0.0 0.0 1.0
Undistorted_SfM/0015/images/1969087925_0f439b6bc7_o.jpg Undistorted_SfM/0015/images/275493871_794161ba91_o.jpg 0 0 6489.92 0.0 510.5 0.0 6489.92 783.5 0.0 0.0 1.0 1701.65 0.0 800.0 0.0 1702.11 520.5 0.0 0.0 1.0 0.9893224966578766 -0.06909448614035127 -0.128323612759408 2.357498097934091 0.05432185741566322 0.9918498720439172 -0.11525175544596854 -0.17089436406777134 0.13524101971494465 0.1070503774466294 0.9850127325446085 -0.6834963924732563 0.0 0.0 0.0 1.0
Undistorted_SfM/0015/images/3018384583_98264ff1fd_o.jpg Undistorted_SfM/0015/images/2049844646_11c9c86779_o.jpg 0 0 7591.5 0.0 797.5 0.0 7591.5 598.0 0.0 0.0 1.0 1862.23 0.0 800.0 0.0 1861.52 529.0 0.0 0.0 1.0 0.9453345162795994 -0.05462493044840176 -0.321494586741242 2.290579978217031 0.025373458781086093 0.9952028609109369 -0.09448520108551878 0.03053241380582772 0.3251135800299631 0.0811626922187382 0.9421856385404661 0.5629881978008122 0.0 0.0 0.0 1.0
Undistorted_SfM/0015/images/479591780_e4fc8a42ae_o.jpg Undistorted_SfM/0015/images/492130269_796b5bf602_o.jpg 0 0 5190.8 0.0 579.0 0.0 5190.8 774.0 0.0 0.0 1.0 1646.49 0.0 800.0 0.0 1646.47 588.0 0.0 0.0 1.0 0.9954468935822602 0.030427740655996932 0.09033069608941698 -0.9139113482369314 -0.015128265221890843 0.9861016808201057 -0.16545274453794498 0.13238473209678986 -0.0941096044450477 0.16333287385683792 0.9820721738593667 0.8668345609127943 0.0 0.0 0.0 1.0
Undistorted_SfM/0015/images/3016357975_e207c12959_o.jpg Undistorted_SfM/0015/images/149746184_742eef21ef_o.jpg 0 0 3489.6 0.0 800.0 0.0 3488.52 534.0 0.0 0.0 1.0 1420.7 0.0 656.0 0.0 1420.7 471.5 0.0 0.0 1.0 0.9297851305379485 0.12411636711920189 0.3465468777000624 -5.41917925666696 -0.0762713919855666 0.9859682335773129 -0.14849012472557743 0.49706474239186815 -0.36011426769167937 0.1116322972511316 0.9262051308513254 3.891085976899866 0.0 0.0 0.0 1.0
Undistorted_SfM/0015/images/350639788_462a038755_o.jpg Undistorted_SfM/0015/images/2073853679_f35bb29c49_o.jpg 0 0 4632.96 0.0 800.0 0.0 4631.91 598.0 0.0 0.0 1.0 1717.85 0.0 800.0 0.0 1717.59 588.5 0.0 0.0 1.0 0.9981484341068376 0.004773955420814682 0.06063755304848159 -0.2712700551536168 0.009197962858509708 0.9736041175267853 -0.22805793082930328 0.2323358360766452 -0.06012570971989286 0.22819340850368536 0.9717575146846813 1.17598928084693 0.0 0.0 0.0 1.0
Undistorted_SfM/0015/images/3296909541_28e82c394b_o.jpg Undistorted_SfM/0015/images/2979505208_68bf32c5c6_o.jpg 0 0 931.478 0.0 526.5 0.0 931.478 345.0 0.0 0.0 1.0 2008.63 0.0 800.0 0.0 2009.12 594.5 0.0 0.0 1.0 0.9982696966969318 -0.05823709927473942 -0.008127295040889815 0.29817823793443 0.05775114127955613 0.997035387404698 -0.0508452745461421 -0.824167853682234 0.011064282061040931 0.05028793623552257 0.9986734727285226 -3.933576633131021 0.0 0.0 0.0 1.0
Undistorted_SfM/0015/images/3336437567_334c98a284_o.jpg Undistorted_SfM/0015/images/404000070_24067007de_o.jpg 0 0 5249.14 0.0 776.5 0.0 5249.14 582.5 0.0 0.0 1.0 1446.68 0.0 659.5 0.0 1446.68 487.5 0.0 0.0 1.0 0.990754967265033 -0.025573385236139407 -0.13323136570352728 0.4337192141451762 0.0004595824863169189 0.982699101155925 -0.18520870760111602 0.11657207908244427 0.13566275695120333 0.18343521623423717 0.9736257688770857 0.3888667667528303 0.0 0.0 0.0 1.0
Undistorted_SfM/0015/images/3413545761_535151c7b5_o.jpg Undistorted_SfM/0015/images/3296908777_5b9665798e_o.jpg 0 0 6467.11 0.0 798.0 0.0 6467.11 598.5 0.0 0.0 1.0 2308.86 0.0 338.0 0.0 2308.86 507.5 0.0 0.0 1.0 0.9416014178757874 -0.08854980525225419 -0.3248779799310709 3.018258941337586 0.029548583983360695 0.9828105914083434 -0.18223672132740043 0.9870475351949557 0.33543054577495435 0.161994670916577 0.9280323677306439 3.814576919248847 0.0 0.0 0.0 1.0
Undistorted_SfM/0015/images/1357054806_316d0fe26a_o.jpg Undistorted_SfM/0015/images/2709820376_ae3debf8b1_o.jpg 0 0 4833.75 0.0 795.5 0.0 4833.75 596.5 0.0 0.0 1.0 1380.97 0.0 537.0 0.0 1380.97 401.0 0.0 0.0 1.0 0.9672059379494663 -0.00451864162007602 -0.2539532545040591 3.468553612620749 -0.007550881301954131 0.9988882748129325 -0.046531694927297695 -0.7483095804361127 0.25388118832804035 0.04692330251754062 0.9660965510206475 -3.3150921893105987 0.0 0.0 0.0 1.0
Undistorted_SfM/0015/images/3016357975_e207c12959_o.jpg Undistorted_SfM/0015/images/215039174_469f107570_o.jpg 0 0 3489.6 0.0 800.0 0.0 3488.52 534.0 0.0 0.0 1.0 1210.39 0.0 800.0 0.0 1210.62 521.5 0.0 0.0 1.0 0.9354045530690627 -0.045109999256007983 -0.3506899058495845 -3.0956069533765698 0.025747534945146994 0.9978852631290837 -0.05968304678925168 0.9706335854052056 0.35264059117168545 0.04679839310192746 0.934587889853684 3.9008624838681154 0.0 0.0 0.0 1.0
Undistorted_SfM/0015/images/3413545761_535151c7b5_o.jpg Undistorted_SfM/0015/images/330736595_6ee3e97748_o.jpg 0 0 6467.11 0.0 798.0 0.0 6467.11 598.5 0.0 0.0 1.0 2201.9 0.0 797.0 0.0 2201.9 597.5 0.0 0.0 1.0 0.9225704864181705 -0.1210528920073523 -0.3663466867965323 3.0625059264589565 0.005904476451011569 0.9538247742666317 -0.3003055729636878 0.8476878324418126 0.3857834039302102 0.27488997313810065 0.8806853399030522 5.638286964231408 0.0 0.0 0.0 1.0
Undistorted_SfM/0015/images/3337262230_f456f5ef94_o.jpg Undistorted_SfM/0015/images/50646217_c352086389_o.jpg 0 0 3119.3 0.0 776.5 0.0 3119.3 582.0 0.0 0.0 1.0 1724.5 0.0 800.0 0.0 1723.77 591.5 0.0 0.0 1.0 0.7746621393085064 -0.14745263301210224 -0.6149441364382351 0.924035218940459 0.12057007790899779 0.9890360307071482 -0.08526773291267312 0.49707847523280324 0.6207748595384533 -0.008090178047921656 0.7839471428509492 3.6518311350309385 0.0 0.0 0.0 1.0
Undistorted_SfM/0015/images/2409395451_667a447a49_o.jpg Undistorted_SfM/0015/images/1948510225_f88f292e3f_o.jpg 0 0 1696.88 0.0 800.0 0.0 1696.63 588.5 0.0 0.0 1.0 4627.52 0.0 780.5 0.0 4627.52 584.0 0.0 0.0 1.0 0.9625974056507113 -0.023896444302955913 -0.2698799632877484 -0.13638682404253055 0.03433291904607428 0.9988313954693571 0.03401608581998261 -0.5334252005046188 0.2687517168397189 -0.042009562892422816 0.9622929446490253 -1.8258200919666967 0.0 0.0 0.0 1.0
Undistorted_SfM/0015/images/2183181601_581f321c75_o.jpg Undistorted_SfM/0015/images/2184088002_84bd02907a_o.jpg 0 0 1068.75 0.0 528.0 0.0 1068.75 358.0 0.0 0.0 1.0 3753.57 0.0 639.5 0.0 3753.57 479.5 0.0 0.0 1.0 0.9893758401283523 -0.04364844204800165 -0.1386732147067308 0.08463365358167962 0.05255656675663482 0.9967385194581336 0.0612383141437041 -0.21477903106010304 0.13554797770926794 -0.06787589657006268 0.9884430223355 -0.7069133350371023 0.0 0.0 0.0 1.0
Undistorted_SfM/0015/images/3296909541_28e82c394b_o.jpg Undistorted_SfM/0015/images/399364960_845892e7d7_o.jpg 0 0 931.478 0.0 526.5 0.0 931.478 345.0 0.0 0.0 1.0 1553.33 0.0 800.0 0.0 1553.0 589.5 0.0 0.0 1.0 0.9387528081322465 -0.04682881669951202 -0.34139453298250944 4.592076978777002 0.07186285269939598 0.9955445411617561 0.06104749761401722 -1.7591754506729964 0.3370146816174737 -0.08184209485070637 0.9379354859928912 -5.496205697489169 0.0 0.0 0.0 1.0
Undistorted_SfM/0015/images/3173868742_bb0ae80094_o.jpg Undistorted_SfM/0015/images/2184088002_84bd02907a_o.jpg 0 0 5217.6 0.0 800.0 0.0 5214.99 455.5 0.0 0.0 1.0 3753.57 0.0 639.5 0.0 3753.57 479.5 0.0 0.0 1.0 0.970127157950185 -0.008141344307130243 0.24246033886054244 -2.632400623695399 -0.04205390990407907 0.9786620920866208 0.2011267714015676 -0.4373779199749534 -0.23892418477265112 -0.20531494837325318 0.9490842986295854 -1.3589621242885932 0.0 0.0 0.0 1.0
Undistorted_SfM/0015/images/479591780_e4fc8a42ae_o.jpg Undistorted_SfM/0015/images/3754970917_99d7cf4861_o.jpg 0 0 5190.8 0.0 579.0 0.0 5190.8 774.0 0.0 0.0 1.0 1988.9 0.0 587.0 0.0 1988.42 800.0 0.0 0.0 1.0 0.9754173647070267 -0.05438802697991946 -0.21354837191894288 -0.5570619472018998 0.029874149142139664 0.9927545827497493 -0.11638674169511089 1.1247757867506651 0.218331170108697 0.10714607295931505 0.9699748549361293 5.029650831180482 0.0 0.0 0.0 1.0
Undistorted_SfM/0015/images/215039174_469f107570_o.jpg Undistorted_SfM/0015/images/1357054806_316d0fe26a_o.jpg 0 0 1210.39 0.0 800.0 0.0 1210.62 521.5 0.0 0.0 1.0 4833.75 0.0 795.5 0.0 4833.75 596.5 0.0 0.0 1.0 0.7920060219505152 0.10766026268006866 0.6009456955780432 -2.49882008102652 -0.09819861845448437 0.9939768112476776 -0.048653160591367185 0.17925507012497116 -0.602564098273163 -0.02047844089664473 0.7978077092449606 0.9648485367197652 0.0 0.0 0.0 1.0
Undistorted_SfM/0015/images/1969087925_0f439b6bc7_o.jpg Undistorted_SfM/0015/images/160044900_8dd09cae17_o.jpg 0 0 6489.92 0.0 510.5 0.0 6489.92 783.5 0.0 0.0 1.0 1629.92 0.0 653.0 0.0 1629.92 428.0 0.0 0.0 1.0 0.9799072456612257 -0.1245027890392848 -0.15582312223180533 -2.2957440519123784 0.11214189130618421 0.9899825810940421 -0.08578278000070941 0.1960542563100265 0.1649423721028068 0.06658486803934865 0.9840530825282143 0.885294866274503 0.0 0.0 0.0 1.0
Undistorted_SfM/0022/images/3753905083_1ebdcb42fd_o.jpg Undistorted_SfM/0022/images/3113891455_b62694879a_o.jpg 0 0 2975.95 0.0 640.0 0.0 2976.59 480.0 0.0 0.0 1.0 1023.31 0.0 640.0 0.0 1023.38 452.0 0.0 0.0 1.0 0.9276277388952171 -0.2461210062019592 -0.28094702051860554 1.1306727063705266 0.11510314623882179 0.9039518610424297 -0.4118522776965699 0.39785436426846044 0.3553280790453676 0.3497077111303998 0.8668601230982228 1.0660447681157983 0.0 0.0 0.0 1.0
Undistorted_SfM/0022/images/378952049_069b98faae_o.jpg Undistorted_SfM/0022/images/682380222_461eca30fd_o.jpg 0 0 2709.08 0.0 640.0 0.0 2707.93 478.0 0.0 0.0 1.0 1344.35 0.0 640.0 0.0 1345.0 474.5 0.0 0.0 1.0 0.9883269131824794 -0.10752465057860154 -0.10792757848270795 0.21512603562016652 0.06212357968614097 0.9312940006896671 -0.35893195055109517 0.37175283136698123 0.13910633891441157 0.3480372592085275 0.9271027411654248 2.475152011066996 0.0 0.0 0.0 1.0
Undistorted_SfM/0022/images/2849320555_1a68b4f675_o.jpg Undistorted_SfM/0022/images/3716504108_7a108dcdbf_o.jpg 0 0 984.511 0.0 640.0 0.0 984.824 465.5 0.0 0.0 1.0 5392.98 0.0 640.0 0.0 5391.84 480.0 0.0 0.0 1.0 0.8807114696343776 0.11726851268872952 0.45890674781073787 -1.8557220106493986 -0.11656702584011414 0.9927304967414928 -0.029971475208587624 1.1294965869571025 -0.45908543403297486 -0.027097172752191506 0.8879787764848847 2.809342927329419 0.0 0.0 0.0 1.0
Undistorted_SfM/0022/images/402463701_1a6453caf2_o.jpg Undistorted_SfM/0022/images/2768552610_4f85133135_o.jpg 0 0 1149.03 0.0 640.0 0.0 1148.69 472.5 0.0 0.0 1.0 2928.25 0.0 640.0 0.0 2927.11 426.5 0.0 0.0 1.0 0.9997461486399631 0.02102254723852152 -0.00810498532787047 0.0707281294922828 -0.017253851340441124 0.9456817428982248 0.3246357123960606 -0.9761516388955798 0.014489406250182324 -0.3244134609669887 0.9458044002064789 -1.4432788559843863 0.0 0.0 0.0 1.0
Undistorted_SfM/0022/images/479390531_a237b6b5f4_o.jpg Undistorted_SfM/0022/images/1776131727_4e23408660_o.jpg 0 0 3764.88 0.0 640.0 0.0 3766.45 480.0 0.0 0.0 1.0 1345.31 0.0 640.0 0.0 1345.88 473.5 0.0 0.0 1.0 0.9937285073602636 0.0038586126674990933 0.11175314209374365 -0.47878446400738517 0.03401351712841501 0.9416159936926929 -0.3349662685624893 0.26286888916628237 -0.10652105102794127 0.3366666474873994 0.9355794109307332 0.8579122013389306 0.0 0.0 0.0 1.0
Undistorted_SfM/0022/images/1297105159_6e8cc9166e_o.jpg Undistorted_SfM/0022/images/2703388797_3c4dc9cff7_o.jpg 0 0 3033.34 0.0 638.0 0.0 3033.34 478.5 0.0 0.0 1.0 3091.12 0.0 640.0 0.0 3092.56 427.0 0.0 0.0 1.0 0.9782261571631284 -0.004393962729766773 0.20749524942366251 -2.236724143759686 -0.09348476534342848 0.8832786416327991 0.4594338253589965 -4.434539187812264 -0.18529485716161312 -0.46882783015393414 0.8636355027340012 -6.431351789785107 0.0 0.0 0.0 1.0
Undistorted_SfM/0022/images/2605465116_514cae62d5_o.jpg Undistorted_SfM/0022/images/3568155965_27d02325bb_o.jpg 0 0 4645.42 0.0 640.0 0.0 4647.36 480.0 0.0 0.0 1.0 1166.04 0.0 640.0 0.0 1165.83 470.5 0.0 0.0 1.0 0.9962916449510366 -0.019799687020124097 -0.08373129996997725 0.4480093062088455 -0.0003471799791310574 0.9722290621599201 -0.2340310452860996 -0.04160409610489996 0.08603974469289918 0.233192244908675 0.9686168175535842 -0.02656354597298538 0.0 0.0 0.0 1.0
Undistorted_SfM/0022/images/733142349_2629104772_o.jpg Undistorted_SfM/0022/images/3771535614_a92fcf05a3_o.jpg 0 0 2587.73 0.0 640.0 0.0 2587.19 479.5 0.0 0.0 1.0 4212.38 0.0 640.0 0.0 4214.24 428.5 0.0 0.0 1.0 0.9132453774129261 -0.025847622266642573 0.4065892043046432 -4.559904523455224 -0.12105230323039663 0.935699088336486 0.3313812848802493 -2.550983889244539 -0.3890105660731312 -0.3518509862277351 0.8513939528643787 -4.860439281790439 0.0 0.0 0.0 1.0
Undistorted_SfM/0022/images/1775341099_98ecd54a92_o.jpg Undistorted_SfM/0022/images/2687410724_2a4978e290_o.jpg 0 0 1310.5 0.0 473.0 0.0 1310.3 640.0 0.0 0.0 1.0 4674.54 0.0 640.0 0.0 4673.55 479.0 0.0 0.0 1.0 0.9727912679568176 0.05044986865100845 0.22612377084257065 0.09592887266168137 -0.1289925019981704 0.9286772007468148 0.3477349439462654 -0.10398897345258629 -0.19245280828093786 -0.36744178799662447 0.9099167264198544 -0.19075044563330357 0.0 0.0 0.0 1.0
Undistorted_SfM/0022/images/3808398518_aa1b40a6a0_o.jpg Undistorted_SfM/0022/images/624570534_077746f40c_o.jpg 0 0 1310.11 0.0 640.0 0.0 1309.56 479.5 0.0 0.0 1.0 3945.37 0.0 640.0 0.0 3946.34 424.5 0.0 0.0 1.0 0.9945931188118059 0.004963331312348222 0.10372990578655905 -0.47326906830928317 -0.027591344960223484 0.9755869221675663 0.21787352978024005 -0.43881830156482443 -0.1001161610105507 -0.21955756110391422 0.9704489845770413 -0.8982726691051316 0.0 0.0 0.0 1.0
Undistorted_SfM/0022/images/391017899_2a67c43613_o.jpg Undistorted_SfM/0022/images/2562895246_0fd38ee3f2_o.jpg 0 0 8091.94 0.0 640.0 0.0 8093.62 480.0 0.0 0.0 1.0 1273.21 0.0 640.0 0.0 1273.05 474.0 0.0 0.0 1.0 0.9267700218833084 0.10190523071350681 0.36154204526118305 -3.9145508204509887 -0.10772849126713505 0.9941720173809936 -0.004070875325056217 -1.3286590080114018 -0.35984982799456666 -0.03517561385153483 0.9323469190609517 -3.9965413037100497 0.0 0.0 0.0 1.0
Undistorted_SfM/0022/images/2857276908_f463cc233d_o.jpg Undistorted_SfM/0022/images/869156515_c1ddd038e9_o.jpg 0 0 1250.78 0.0 640.0 0.0 1250.87 476.0 0.0 0.0 1.0 7805.83 0.0 640.0 0.0 7808.97 478.0 0.0 0.0 1.0 0.9989940300723024 -0.016589012018878305 -0.04166212380733038 0.19785443997645807 0.017609861529858575 0.9995506498454845 0.024256775762028008 1.0803194948868806 0.041241006980904577 -0.024966038406355463 0.9988372621550988 3.53651156716292 0.0 0.0 0.0 1.0
Undistorted_SfM/0022/images/2293073399_db7bcf97fd_o.jpg Undistorted_SfM/0022/images/2809395207_359faaff0f_o.jpg 0 0 934.944 0.0 640.0 0.0 935.451 414.5 0.0 0.0 1.0 3947.21 0.0 640.0 0.0 3947.21 376.0 0.0 0.0 1.0 0.9980440394613176 0.006290835677161283 0.06219743308383899 -0.43675365804149013 -0.007115377577194733 0.9998896033524424 0.013044251976608197 0.34081395081491594 -0.06210850745002353 -0.01346129615520934 0.9979786204163653 0.6215852373262816 0.0 0.0 0.0 1.0
Undistorted_SfM/0022/images/1362514572_da0fac59f9_o.jpg Undistorted_SfM/0022/images/3716502296_4c5b83c3e8_o.jpg 0 0 4087.99 0.0 640.0 0.0 4088.84 480.0 0.0 0.0 1.0 1075.76 0.0 640.0 0.0 1075.72 478.0 0.0 0.0 1.0 0.9951542118314064 0.06649548471183328 0.07243234903792022 -0.49838553567076005 -0.05267154455131196 0.9825543288625361 -0.17836114831450853 -0.3353628120068022 -0.08302892910782313 0.17368172427296225 0.9812954986061938 -0.8335309411322962 0.0 0.0 0.0 1.0
Undistorted_SfM/0022/images/1466905824_047f29c391_o.jpg Undistorted_SfM/0022/images/513584597_090f2cd7fb_o.jpg 0 0 2935.12 0.0 640.0 0.0 2934.52 479.5 0.0 0.0 1.0 5666.31 0.0 428.5 0.0 5665.16 640.0 0.0 0.0 1.0 0.9980936185578785 0.02372957601919557 -0.05697399245260172 0.658195293656623 -0.008679376092583572 0.9679247652919631 0.2510902570095896 -1.5515955335522287 0.06110480361381901 -0.25011708449533687 0.966285489396829 -4.01453592540365 0.0 0.0 0.0 1.0
Undistorted_SfM/0022/images/2464629129_a8cf67f89c_o.jpg Undistorted_SfM/0022/images/3067115420_7d71112615_o.jpg 0 0 3906.2 0.0 640.0 0.0 3906.99 479.0 0.0 0.0 1.0 1387.76 0.0 630.0 0.0 1387.76 472.5 0.0 0.0 1.0 0.9854348765282693 -0.0034542071786629255 -0.17001815366154763 1.0336465470033553 -0.027112282985172 0.9838135581632074 -0.17713217349081767 0.028972570592747993 0.16787801593135027 0.1791618018077962 0.9693905407728804 0.8831845281251189 0.0 0.0 0.0 1.0
Undistorted_SfM/0022/images/424044731_6a9fa30581_o.jpg Undistorted_SfM/0022/images/2968959102_07bf85b94a_o.jpg 0 0 1334.95 0.0 640.0 0.0 1334.78 474.0 0.0 0.0 1.0 3542.18 0.0 623.5 0.0 3542.18 467.5 0.0 0.0 1.0 0.992777705676993 -0.037525070301793646 -0.11394865602353989 0.3270246770905625 0.06610136231563928 0.9637378598863189 0.2585342285302944 -0.607480553111778 0.10011511879202933 -0.26419917963646916 0.959257919679934 -1.080198501022556 0.0 0.0 0.0 1.0
Undistorted_SfM/0022/images/2652866084_f528569160_o.jpg Undistorted_SfM/0022/images/402460922_5ff257d9d9_o.jpg 0 0 4330.76 0.0 640.0 0.0 4332.6 480.0 0.0 0.0 1.0 1026.34 0.0 640.0 0.0 1026.08 471.5 0.0 0.0 1.0 0.9891483922165288 0.04803959367809212 0.13884399740248096 -0.6470000368949712 -0.04006896697412608 0.9974151717360292 -0.059644388473803316 -0.1842332568138045 -0.14135040170117213 0.053433815417124955 0.9885165103876039 -0.6579952967884359 0.0 0.0 0.0 1.0
Undistorted_SfM/0022/images/1021716875_4feb03a922_o.jpg Undistorted_SfM/0022/images/1433640101_c6d27d0559_o.jpg 0 0 1196.31 0.0 640.0 0.0 1196.83 475.5 0.0 0.0 1.0 3627.83 0.0 635.5 0.0 3627.83 476.5 0.0 0.0 1.0 0.9978058805941662 0.0631578330704237 -0.019862345620525163 0.2876362441809731 -0.05297833285455531 0.9415807143467523 0.33259442962595054 -0.5712364857793718 0.039707945044444755 -0.3308124037760796 0.9428607705320226 -0.8901991819158044 0.0 0.0 0.0 1.0
Undistorted_SfM/0022/images/2260071045_b89d71447f_o.jpg Undistorted_SfM/0022/images/2675712669_2b32164d63_o.jpg 0 0 1825.4 0.0 640.0 0.0 1825.27 477.0 0.0 0.0 1.0 4309.8 0.0 640.0 0.0 4311.66 480.0 0.0 0.0 1.0 0.999345013056482 0.017715868521981284 0.03155460159234755 0.05986523182346026 -0.0255632110488929 0.9627858968865562 0.26905359874422674 -0.9134756430517216 -0.025613807214267724 -0.2696840090900116 0.962608159180634 -2.2074558001653304 0.0 0.0 0.0 1.0
Undistorted_SfM/0022/images/3899406056_3dfd5b4ab6_o.jpg Undistorted_SfM/0022/images/2756999791_e60b86c78e_o.jpg 0 0 3885.48 0.0 640.0 0.0 3886.18 413.5 0.0 0.0 1.0 1278.9 0.0 640.0 0.0 1278.8 421.0 0.0 0.0 1.0 0.9716968495912524 0.2356504214681202 0.016556308656591853 0.308114227906076 -0.23151251946039694 0.9638834921449064 -0.13164561103067451 0.19243958728642419 -0.04698069632875133 0.12408663277097029 0.9911585754762091 0.33850042809053393 0.0 0.0 0.0 1.0
Undistorted_SfM/0022/images/2384872477_5b6ce13006_o.jpg Undistorted_SfM/0022/images/3771535614_a92fcf05a3_o.jpg 0 0 948.727 0.0 640.0 0.0 949.191 412.5 0.0 0.0 1.0 4212.38 0.0 640.0 0.0 4214.24 428.5 0.0 0.0 1.0 0.947547000452713 0.06200793934016803 0.31354377268868233 -1.4691328311013698 -0.10678973159443562 0.9860444412501956 0.1277196660877942 0.3368908627660001 -0.3012484608409717 -0.1545036418288426 0.940945263818555 0.8266920854339203 0.0 0.0 0.0 1.0
Undistorted_SfM/0022/images/427154679_de14c315f4_o.jpg Undistorted_SfM/0022/images/2809395207_359faaff0f_o.jpg 0 0 1372.48 0.0 640.0 0.0 1372.23 473.0 0.0 0.0 1.0 3947.21 0.0 640.0 0.0 3947.21 376.0 0.0 0.0 1.0 0.9897223208882397 0.07916557880567208 0.11909046421926098 -0.09168492449666488 -0.11033905634651636 0.9525113630219015 0.28380873129401724 -0.6801738369175737 -0.090967137913405 -0.2940321656664834 0.9514568121430007 -1.119662672814051 0.0 0.0 0.0 1.0
Undistorted_SfM/0022/images/2689006333_4e96a6d7e4_o.jpg Undistorted_SfM/0022/images/2516964254_b7eb465903_o.jpg 0 0 1290.57 0.0 469.5 0.0 1290.82 640.0 0.0 0.0 1.0 4687.11 0.0 640.0 0.0 4686.15 479.5 0.0 0.0 1.0 0.8095073822835859 -0.11754015793284533 -0.5752235298573051 2.5598643590655215 0.23600448988007458 0.9622584680274946 0.13550100171520804 0.3256508642072975 0.5375869034721941 -0.24544439692627074 0.8066953385465155 0.5728773297668415 0.0 0.0 0.0 1.0
Undistorted_SfM/0022/images/3568962714_42ea6f0785_o.jpg Undistorted_SfM/0022/images/1482387239_eeeb02aa48_o.jpg 0 0 1302.68 0.0 640.0 0.0 1302.86 474.5 0.0 0.0 1.0 4099.69 0.0 640.0 0.0 4101.85 428.5 0.0 0.0 1.0 0.9801680623094046 0.006750111843875247 0.1980530373882772 -0.9100886621169111 -0.06723232802158476 0.9514706123066662 0.30030565759834693 -0.43517549398232613 -0.18641454797688184 -0.3076655812840829 0.9330549321426378 -0.6969611934874715 0.0 0.0 0.0 1.0
Undistorted_SfM/0022/images/2704216294_dac7a931a4_o.jpg Undistorted_SfM/0022/images/3918549631_bc2e969aa1_o.jpg 0 0 999.407 0.0 640.0 0.0 999.937 413.0 0.0 0.0 1.0 4487.65 0.0 640.0 0.0 4489.54 480.0 0.0 0.0 1.0 0.8626080798310465 -0.07104729894583464 -0.500858844309149 2.091755408524606 0.20047114938292745 0.9570362247680932 0.20950652196703426 0.1833888147167939 0.46445518500204425 -0.28112976682332425 0.8397901138561826 0.7813476117470906 0.0 0.0 0.0 1.0
Undistorted_SfM/0022/images/3215409151_697a9ceeaf_o.jpg Undistorted_SfM/0022/images/3715689873_8b49e3676d_o.jpg 0 0 1779.61 0.0 640.0 0.0 1780.21 359.0 0.0 0.0 1.0 3880.11 0.0 640.0 0.0 3878.54 479.5 0.0 0.0 1.0 0.9360725624682305 -0.3087415255851892 -0.16866187528155507 0.6303854848705881 0.3341476810042744 0.9302337329702892 0.1516922190609211 -0.49551286534263195 0.1100612787206588 -0.1983528987020123 0.973931538919899 -0.8224935307533563 0.0 0.0 0.0 1.0
Undistorted_SfM/0022/images/981244438_d73bda40c8_o.jpg Undistorted_SfM/0022/images/1339754696_a60930ee0c_o.jpg 0 0 4273.38 0.0 640.0 0.0 4273.38 480.0 0.0 0.0 1.0 3883.12 0.0 637.0 0.0 3883.12 477.5 0.0 0.0 1.0 0.9450796851559898 0.000678109972182163 0.3268393012970141 -4.638365513773682 -0.14783133559228406 0.8927483338705319 0.42561286233899315 -6.375218567231167 -0.2914966293500769 -0.45055516037246185 0.8438185602007632 -8.437047352329305 0.0 0.0 0.0 1.0
Undistorted_SfM/0022/images/3570107075_b1ac8eaac1_o.jpg Undistorted_SfM/0022/images/2704204608_ac8406d85b_o.jpg 0 0 1071.44 0.0 640.0 0.0 1070.92 422.5 0.0 0.0 1.0 3075.18 0.0 640.0 0.0 3073.98 426.5 0.0 0.0 1.0 0.8624802022211022 0.21017896242420275 0.46038321486662853 -2.1376636413602386 -0.31767925768981653 0.9329786906333299 0.16920594569271 0.12800622010962126 -0.3939641988941303 -0.2921909762097431 0.8714451465303502 -0.016864675620845482 0.0 0.0 0.0 1.0
Undistorted_SfM/0022/images/3808398518_aa1b40a6a0_o.jpg Undistorted_SfM/0022/images/2142586008_02281291f9_o.jpg 0 0 1310.11 0.0 640.0 0.0 1309.56 479.5 0.0 0.0 1.0 5022.15 0.0 640.0 0.0 5023.32 359.0 0.0 0.0 1.0 0.9999846697533149 0.00439758883316446 0.0033647393372954514 0.07383972798474148 -0.004687471655987004 0.995780581157014 0.0916463954559817 0.46299548252452283 -0.002947518927476973 -0.09166076261440485 0.9957859291680707 1.3060150101806378 0.0 0.0 0.0 1.0
Undistorted_SfM/0022/images/2193910576_081435fb93_o.jpg Undistorted_SfM/0022/images/2768552610_4f85133135_o.jpg 0 0 836.366 0.0 535.5 0.0 836.366 393.0 0.0 0.0 1.0 2928.25 0.0 640.0 0.0 2927.11 426.5 0.0 0.0 1.0 0.9698936533825174 -0.06176512304718027 -0.23556606441353087 1.0355665092848039 0.12045877193934185 0.9623574199656495 0.2436347276147721 -0.0916539849950575 0.21165062105077487 -0.2646757748869837 0.9408245047812032 -0.21070151264977088 0.0 0.0 0.0 1.0
Undistorted_SfM/0022/images/733142349_2629104772_o.jpg Undistorted_SfM/0022/images/2643019453_9f4842b989_o.jpg 0 0 2587.73 0.0 640.0 0.0 2587.19 479.5 0.0 0.0 1.0 3774.12 0.0 640.0 0.0 3775.4 426.0 0.0 0.0 1.0 0.9793525023899405 -0.016173161156009582 0.20151204658973412 -2.1503995657289665 -0.061403733895284515 0.9259037935409273 0.3727354914282201 -2.9941417159628374 -0.19260907955306397 -0.3774130283452618 0.9057931046927769 -5.944741180307201 0.0 0.0 0.0 1.0
Undistorted_SfM/0022/images/1989159872_539fce0e8b_o.jpg Undistorted_SfM/0022/images/2687410724_2a4978e290_o.jpg 0 0 3799.43 0.0 640.0 0.0 3801.03 480.0 0.0 0.0 1.0 4674.54 0.0 640.0 0.0 4673.55 479.0 0.0 0.0 1.0 0.9905907915609772 0.0075102399927911515 -0.13665094207449804 1.6545439868904626 0.05204128762357875 0.9028150514946095 0.4268684658970086 -4.423266860174389 0.12657641193001595 -0.4299634625058695 0.8939294339336225 -6.900072119726674 0.0 0.0 0.0 1.0
Undistorted_SfM/0022/images/2643019453_9f4842b989_o.jpg Undistorted_SfM/0022/images/3808398518_aa1b40a6a0_o.jpg 0 0 3774.12 0.0 640.0 0.0 3775.4 426.0 0.0 0.0 1.0 1310.11 0.0 640.0 0.0 1309.56 479.5 0.0 0.0 1.0 0.971934163048633 -0.06680217495081972 -0.22556917369355514 1.0562205587263804 0.01949266918497361 0.978407363500583 -0.2057645909671616 0.1924778750060131 0.23444406272498852 0.19559269022557618 0.9522496946617119 0.8671309710747817 0.0 0.0 0.0 1.0
Undistorted_SfM/0022/images/2508509272_d3f29d064b_o.jpg Undistorted_SfM/0022/images/3807590577_b863a74f5f_o.jpg 0 0 1294.35 0.0 640.0 0.0 1294.39 473.5 0.0 0.0 1.0 4623.45 0.0 640.0 0.0 4624.41 480.0 0.0 0.0 1.0 0.9808765505462751 -0.012500900326329152 -0.19422904025781426 0.871858177048306 0.038030914012966495 0.9910089041692786 0.12827704953164634 0.4106695807000821 0.1908791297333964 -0.13321065778772087 0.9725328161476013 1.0187694300038315 0.0 0.0 0.0 1.0
Undistorted_SfM/0022/images/3474328127_ae0a053968_o.jpg Undistorted_SfM/0022/images/2895957790_0d008281b5_o.jpg 0 0 1370.89 0.0 640.0 0.0 1370.7 469.5 0.0 0.0 1.0 4963.03 0.0 640.0 0.0 4964.07 480.0 0.0 0.0 1.0 0.9954267550023618 -0.004839662269847905 0.09540520475624943 -0.6146033754263657 -0.023903386359763405 0.9543256553501139 0.2978106305374464 -0.28804802071213786 -0.09248893742499124 -0.2987291770311185 0.9498456060035793 -0.4050059580348593 0.0 0.0 0.0 1.0
Undistorted_SfM/0022/images/388831540_52fd47d21a_o.jpg Undistorted_SfM/0022/images/3568956904_f156634a3e_o.jpg 0 0 1169.51 0.0 640.0 0.0 1169.61 422.5 0.0 0.0 1.0 4393.54 0.0 640.0 0.0 4391.72 479.5 0.0 0.0 1.0 0.9745467368988261 -0.042058466802696176 -0.22020386683720364 1.1872214748710341 0.09778834356631108 0.9636244606767786 0.24872743847019463 -0.10370334122361768 0.20173273770612318 -0.2639298849232384 0.9432099015500204 -0.024700902385651036 0.0 0.0 0.0 1.0
Undistorted_SfM/0022/images/2643019453_9f4842b989_o.jpg Undistorted_SfM/0022/images/3920216155_37cd0de0c1_o.jpg 0 0 3774.12 0.0 640.0 0.0 3775.4 426.0 0.0 0.0 1.0 1343.38 0.0 640.0 0.0 1342.7 425.0 0.0 0.0 1.0 0.9958378621261553 -0.030877063255950285 -0.0857528968647498 -0.3259202848617915 0.0010362918522380563 0.9446414200842982 -0.3281029008715363 0.18692328583023896 0.09113659229533083 0.326648426332974 0.9407416899016363 1.8043564049169976 0.0 0.0 0.0 1.0
Undistorted_SfM/0022/images/2112336447_e3c53d8285_o.jpg Undistorted_SfM/0022/images/3122827506_c9c0b423d7_o.jpg 0 0 3127.11 0.0 510.5 0.0 3127.11 382.5 0.0 0.0 1.0 2800.77 0.0 640.0 0.0 2801.35 479.5 0.0 0.0 1.0 0.9956257590402576 -0.007322161891428605 -0.09314361964593562 -0.020787626254342162 -0.04056425310998694 0.8641874079855051 -0.5015323172527599 0.537660086386087 0.08416584405291692 0.5031167954108964 0.860110226000325 8.456890821236005 0.0 0.0 0.0 1.0
Undistorted_SfM/0022/images/571948952_6247341d9f_o.jpg Undistorted_SfM/0022/images/811811542_eeb124391a_o.jpg 0 0 4691.24 0.0 640.0 0.0 4693.2 480.0 0.0 0.0 1.0 1402.3 0.0 640.0 0.0 1402.26 478.0 0.0 0.0 1.0 0.9902188985226776 0.03210742906749038 0.13577792901355912 -0.8388055212234686 -0.004412027862040887 0.97988058141788 -0.19953591198153264 -0.07142802410075014 -0.13945274116588602 0.1969851749722132 0.9704379288869983 -0.26533477018098595 0.0 0.0 0.0 1.0
Undistorted_SfM/0022/images/140882320_e0be63682a_o.jpg Undistorted_SfM/0022/images/3296298959_2bdd857a2e_o.jpg 0 0 2679.2 0.0 479.0 0.0 2679.22 640.0 0.0 0.0 1.0 5714.25 0.0 640.0 0.0 5712.11 428.0 0.0 0.0 1.0 0.8909959587264998 0.09098781443256895 0.44480042621138455 -4.727008821553921 -0.1924709504479053 0.9630177138621615 0.18855189211825973 -1.5385617694064417 -0.41119476500403657 -0.253610134680143 0.8755574023562331 -3.356321489581281 0.0 0.0 0.0 1.0
Undistorted_SfM/0022/images/2927310704_c5a0f7cd74_o.jpg Undistorted_SfM/0022/images/3722427422_de83a590d7_o.jpg 0 0 1372.37 0.0 640.0 0.0 1371.79 471.5 0.0 0.0 1.0 4765.3 0.0 640.0 0.0 4764.31 480.0 0.0 0.0 1.0 0.9947578524506246 -0.03977981970354953 -0.09420393267891793 0.6277009300196794 0.06087382799277239 0.9705806227272823 0.23295414109181908 -0.26901907670489467 0.08216563791103533 -0.2374675151061169 0.9679142457965988 -0.5858683228845831 0.0 0.0 0.0 1.0
Undistorted_SfM/0022/images/3456174002_40683e177e_o.jpg Undistorted_SfM/0022/images/3729113536_dbf835f498_o.jpg 0 0 995.661 0.0 640.0 0.0 995.364 467.0 0.0 0.0 1.0 3281.45 0.0 640.0 0.0 3280.26 425.0 0.0 0.0 1.0 0.7933251455073962 -0.06970461413920528 0.604794576921266 -2.6912911755394697 -0.06299251123619089 0.9786931951424561 0.19542664431957185 0.4074558227912395 -0.6055304757267195 -0.19313440022314665 0.7720310527541094 0.3823036973842937 0.0 0.0 0.0 1.0
Undistorted_SfM/0022/images/2704204608_ac8406d85b_o.jpg Undistorted_SfM/0022/images/2408990133_586daf29fa_o.jpg 0 0 3075.18 0.0 640.0 0.0 3073.98 426.5 0.0 0.0 1.0 2199.43 0.0 602.0 0.0 2199.43 579.0 0.0 0.0 1.0 0.9617450883257401 -0.1404270678805547 -0.23521612123275973 0.9384034132613371 0.0044987406150758 0.8666026047757636 -0.498978643559762 0.4132475244540135 0.2739090111956752 0.4788320833051309 0.8340825436271133 4.873019075042609 0.0 0.0 0.0 1.0
Undistorted_SfM/0022/images/2643017231_726906d254_o.jpg Undistorted_SfM/0022/images/2643019453_9f4842b989_o.jpg 0 0 1780.82 0.0 640.0 0.0 1779.85 425.5 0.0 0.0 1.0 3774.12 0.0 640.0 0.0 3775.4 426.0 0.0 0.0 1.0 0.981453510693114 0.011093638265477601 0.19137904153327875 -1.6406033326392748 -0.074156782053771 0.9425736557045191 0.3256619032789193 -1.7127370933467536 -0.17677606745142624 -0.33381407214473957 0.925914891993079 -3.3652249947622903 0.0 0.0 0.0 1.0
Undistorted_SfM/0022/images/482418570_c6e4f7b980_o.jpg Undistorted_SfM/0022/images/319538081_654369b7a2_o.jpg 0 0 1048.87 0.0 512.5 0.0 1048.87 337.5 0.0 0.0 1.0 4058.14 0.0 640.0 0.0 4059.84 479.5 0.0 0.0 1.0 0.9556874566857412 0.19083753669751535 0.22414843234063467 -0.3715623305476058 -0.18717770820814408 0.9816035664123846 -0.037668872513446985 0.2789183318219286 -0.227213535431951 -0.005955920895372776 0.9738267486174333 0.25331589317291936 0.0 0.0 0.0 1.0
Undistorted_SfM/0022/images/2112336447_e3c53d8285_o.jpg Undistorted_SfM/0022/images/3728287955_47fcb1b1be_o.jpg 0 0 3127.11 0.0 510.5 0.0 3127.11 382.5 0.0 0.0 1.0 1085.9 0.0 640.0 0.0 1086.25 419.5 0.0 0.0 1.0 0.9905911266580759 -0.048085901688779964 -0.128128708122188 0.3478788550504888 0.02396429721304806 0.9827208849203992 -0.18353575891458324 0.5608225735013136 0.1347402398890864 0.17873837976227794 0.974626933423547 1.320179443625853 0.0 0.0 0.0 1.0
Undistorted_SfM/0022/images/479390531_a237b6b5f4_o.jpg Undistorted_SfM/0022/images/1482386547_639cb52ac5_o.jpg 0 0 3764.88 0.0 640.0 0.0 3766.45 480.0 0.0 0.0 1.0 1129.57 0.0 640.0 0.0 1129.18 428.0 0.0 0.0 1.0 0.9831747572252264 0.04770423020598968 0.1763283958288367 -0.4263770133946846 0.004358931281806054 0.9588954694255938 -0.2837260623086123 0.33047982908246687 -0.1826154332831633 0.27972090578918823 0.9425538808955584 0.8882417631962589 0.0 0.0 0.0 1.0
Undistorted_SfM/0022/images/2635957049_db6f8e338e_o.jpg Undistorted_SfM/0022/images/2508509466_989c3d0719_o.jpg 0 0 1023.28 0.0 475.0 0.0 1023.1 640.0 0.0 0.0 1.0 3817.09 0.0 640.0 0.0 3815.51 479.5 0.0 0.0 1.0 0.9145080165690792 0.045330470556658634 0.4020201936097245 -1.0353844866288895 -0.21643064803363116 0.8943692054459165 0.3914862691612347 0.09509254683963997 -0.3418082243343933 -0.4450268225502279 0.8277187112710556 0.2803206349870506 0.0 0.0 0.0 1.0
Undistorted_SfM/0022/images/3599661169_020738c05e_o.jpg Undistorted_SfM/0022/images/2809395207_359faaff0f_o.jpg 0 0 1252.33 0.0 616.5 0.0 1252.33 516.0 0.0 0.0 1.0 3947.21 0.0 640.0 0.0 3947.21 376.0 0.0 0.0 1.0 0.9909910460142275 0.08211836618679932 -0.10579849079470982 0.5155746749888626 -0.042995012252981295 0.9432181709105272 0.32937958495566433 -0.20126478026375105 0.12683917234432568 -0.3218634120228805 0.9382514419706457 -0.28484734548754775 0.0 0.0 0.0 1.0
Undistorted_SfM/0022/images/2168650655_d8075df234_o.jpg Undistorted_SfM/0022/images/31347159_2b1df19c1d_o.jpg 0 0 1315.35 0.0 640.0 0.0 1314.96 472.5 0.0 0.0 1.0 8162.42 0.0 640.0 0.0 8159.01 479.5 0.0 0.0 1.0 0.9654496057908873 -0.07958761034952583 -0.24813881388664746 1.0569359015100401 0.08733599049869739 0.9959708758389182 0.02035778092696102 1.233127568231681 0.24551880466031856 -0.041325860662674054 0.9685105522391882 3.761841045423761 0.0 0.0 0.0 1.0
Undistorted_SfM/0022/images/2050348007_7a72f821e9_o.jpg Undistorted_SfM/0022/images/2687410724_2a4978e290_o.jpg 0 0 1319.02 0.0 640.0 0.0 1319.26 475.0 0.0 0.0 1.0 4674.54 0.0 640.0 0.0 4673.55 479.0 0.0 0.0 1.0 0.9973838645731455 0.051256427136673895 0.05097259426711343 -0.22862458936595487 -0.06543348458088576 0.9398523149817339 0.3352552536785643 -0.1636258813876177 -0.030722724240208776 -0.3377134949934016 0.9407474206792181 -0.29802192926186 0.0 0.0 0.0 1.0
Undistorted_SfM/0022/images/2050697641_54bdb71b83_o.jpg Undistorted_SfM/0022/images/3086324771_3ce6efba53_o.jpg 0 0 1022.52 0.0 640.0 0.0 1022.26 471.5 0.0 0.0 1.0 6496.48 0.0 638.5 0.0 6496.48 478.5 0.0 0.0 1.0 0.9798675918402765 -0.08415518849303964 -0.18104531673268492 0.6788779625175443 0.0726263303714376 0.9949414451429308 -0.06940415602595482 1.1129683591170614 0.18597020889894195 0.05485822624362958 0.9810227603962545 2.86595136585082 0.0 0.0 0.0 1.0
Undistorted_SfM/0022/images/3757949918_4f81e1e454_o.jpg Undistorted_SfM/0022/images/2112336447_e3c53d8285_o.jpg 0 0 1013.22 0.0 640.0 0.0 1013.44 468.5 0.0 0.0 1.0 3127.11 0.0 510.5 0.0 3127.11 382.5 0.0 0.0 1.0 0.9838033149266512 -0.030464921175637344 -0.17664350007032353 0.9340323572810095 0.09640174067509326 0.9207282671883811 0.3781086647976916 -0.47393386617668853 0.1511216130609524 -0.38901329871617907 0.908752392837462 -0.7628447609585591 0.0 0.0 0.0 1.0
Undistorted_SfM/0022/images/2968959102_07bf85b94a_o.jpg Undistorted_SfM/0022/images/1267466765_a9f3a559cc_o.jpg 0 0 3542.18 0.0 623.5 0.0 3542.18 467.5 0.0 0.0 1.0 1241.89 0.0 640.0 0.0 1242.53 419.5 0.0 0.0 1.0 0.9979150374665631 0.049681188793863566 0.04119899850890709 -0.2951200768576675 -0.03929505513612079 0.9740684735077482 -0.22281496260380373 0.3104645581136245 -0.05120035781083633 0.2207314848369252 0.9739898022883652 1.0339992012592794 0.0 0.0 0.0 1.0
Undistorted_SfM/0022/images/277111797_cf5dc61599_o.jpg Undistorted_SfM/0022/images/2838542396_d013d60608_o.jpg 0 0 4051.86 0.0 506.5 0.0 4051.86 379.5 0.0 0.0 1.0 1036.67 0.0 640.0 0.0 1036.78 476.5 0.0 0.0 1.0 0.9990644728313746 0.002602079699469672 0.04316721333842852 -0.267181393341503 0.01077335102373307 0.9517422971000573 -0.3067092023699742 -0.15328879194450257 -0.04188214457125163 0.3068873231203009 0.9508238832055962 -0.8792415837562502 0.0 0.0 0.0 1.0
Undistorted_SfM/0022/images/2689006333_4e96a6d7e4_o.jpg Undistorted_SfM/0022/images/31347159_2b1df19c1d_o.jpg 0 0 1290.57 0.0 469.5 0.0 1290.82 640.0 0.0 0.0 1.0 8162.42 0.0 640.0 0.0 8159.01 479.5 0.0 0.0 1.0 0.9236046015472593 -0.09685070647552026 -0.3709103404542949 1.4954467181307383 0.09991897212578436 0.9949349346150678 -0.010985212416584398 1.2460315508962925 0.3700955809112763 -0.026914987232086355 0.9286037068912882 3.662130753315875 0.0 0.0 0.0 1.0
Undistorted_SfM/0022/images/1362516528_30b412897a_o.jpg Undistorted_SfM/0022/images/3464140746_a8e34df568_o.jpg 0 0 1285.42 0.0 640.0 0.0 1285.46 472.0 0.0 0.0 1.0 4116.57 0.0 412.5 0.0 4117.23 640.0 0.0 0.0 1.0 0.9995532771026694 -0.010649130774257068 -0.0279256557141803 0.2912518279174941 0.013835407628441574 0.9930930161103828 0.11651112757388313 -0.02761626279045254 0.026492031425865006 -0.11684544221549918 0.9927967137860577 -0.14966007035626394 0.0 0.0 0.0 1.0
Undistorted_SfM/0022/images/2919404063_e9bf98a6cb_o.jpg Undistorted_SfM/0022/images/3809929159_2c4feb399b_o.jpg 0 0 4275.42 0.0 640.0 0.0 4275.09 426.5 0.0 0.0 1.0 2721.9 0.0 640.0 0.0 2722.47 479.5 0.0 0.0 1.0 0.9965620708448484 0.061602319623865094 0.05540029937091012 -0.23425904757120874 -0.037499071725776816 0.9316546471220174 -0.3614048119708065 0.777590501863503 -0.07387732110148787 0.3580848680311806 0.9307617142501937 6.092835206017559 0.0 0.0 0.0 1.0
Undistorted_SfM/0022/images/2757260812_6fa31d60f0_o.jpg Undistorted_SfM/0022/images/1070377533_d043020b4f_o.jpg 0 0 2589.18 0.0 640.0 0.0 2590.2 478.5 0.0 0.0 1.0 5438.95 0.0 456.0 0.0 5441.69 640.0 0.0 0.0 1.0 0.959053497109847 -0.03239866002397162 -0.2813658055095248 3.3773709680165442 0.10387505238095875 0.9644457653183403 0.24301098586766406 -2.0927939828419366 0.2634888293158282 -0.26228742361800733 0.9283204965084001 -5.012123749477897 0.0 0.0 0.0 1.0
Undistorted_SfM/0022/images/298268365_5c1e71d0db_o.jpg Undistorted_SfM/0022/images/1482386547_639cb52ac5_o.jpg 0 0 4982.17 0.0 640.0 0.0 4981.14 479.5 0.0 0.0 1.0 1129.57 0.0 640.0 0.0 1129.18 428.0 0.0 0.0 1.0 0.8870791036879723 0.2349177642348433 0.39737175018746107 -1.6660973077576757 -0.16879504014140076 0.9662834189077979 -0.1944340216307839 0.05687194949062202 -0.4296497390012082 0.10540397711073234 0.8968227825972275 0.2603609048328712 0.0 0.0 0.0 1.0
Undistorted_SfM/0022/images/2362396430_22bb0d9f43_o.jpg Undistorted_SfM/0022/images/2464627575_604e98f303_o.jpg 0 0 6068.84 0.0 640.0 0.0 6067.25 479.5 0.0 0.0 1.0 2529.19 0.0 640.0 0.0 2529.7 479.0 0.0 0.0 1.0 0.9946980619975592 -0.010430107273284474 0.10230825147840036 -0.6988297210890533 0.02590849348140228 0.9881704888602688 -0.15115500293136738 0.6131150358291099 -0.09952143198238242 0.15300424114358832 0.9832014985587904 3.0487336978420623 0.0 0.0 0.0 1.0
Undistorted_SfM/0022/images/513569120_9c7e4b3d7b_o.jpg Undistorted_SfM/0022/images/2811690874_f500d83335_o.jpg 0 0 1016.67 0.0 640.0 0.0 1017.01 417.0 0.0 0.0 1.0 4330.51 0.0 640.0 0.0 4329.59 480.0 0.0 0.0 1.0 0.903743497698018 0.08833671441996288 0.4188607349156022 -1.6486759698168516 -0.16248362777582254 0.9760384569410652 0.14473424362227655 0.5138983349801338 -0.39603883783457455 -0.19886064330980746 0.8964416787884469 1.0439585842599197 0.0 0.0 0.0 1.0
Undistorted_SfM/0022/images/3918549631_bc2e969aa1_o.jpg Undistorted_SfM/0022/images/2915742289_437fe431a1_o.jpg 0 0 4487.65 0.0 640.0 0.0 4489.54 480.0 0.0 0.0 1.0 974.032 0.0 640.0 0.0 974.303 416.0 0.0 0.0 1.0 0.8721446808880645 0.1489838420813616 0.4660123071307582 -2.0171842329713208 -0.05852778812642563 0.9774381216634671 -0.2029512659138193 -0.11188785955286651 -0.4857346535050638 0.14972819747018085 0.8611871534496123 -0.23635665500802272 0.0 0.0 0.0 1.0
Undistorted_SfM/0022/images/312975579_2d0c7ca8ab_o.jpg Undistorted_SfM/0022/images/513584597_090f2cd7fb_o.jpg 0 0 1234.71 0.0 640.0 0.0 1234.86 470.0 0.0 0.0 1.0 5666.31 0.0 428.5 0.0 5665.16 640.0 0.0 0.0 1.0 0.9985626874459211 0.007663472562641662 0.05304555051143564 -0.3573239431880528 -0.0182226447268845 0.9793078336199212 0.20155421660142486 0.3956085927821513 -0.050403317945720415 -0.20223115041688802 0.9780399109142349 1.0373028139162728 0.0 0.0 0.0 1.0
Undistorted_SfM/0022/images/3695852270_363135b69e_o.jpg Undistorted_SfM/0022/images/3122828874_49b328e959_o.jpg 0 0 1543.88 0.0 640.0 0.0 1543.31 475.5 0.0 0.0 1.0 7806.42 0.0 640.0 0.0 7808.05 480.0 0.0 0.0 1.0 0.9503509547628819 -0.010843890915475544 -0.3109911137172444 2.1254551061175047 0.015439809390749702 0.9998048938549604 0.012320166786558659 0.9008585680045376 0.3107968388952116 -0.016510125786455252 0.9503329630604523 5.126758291715027 0.0 0.0 0.0 1.0
Undistorted_SfM/0022/images/2635957049_db6f8e338e_o.jpg Undistorted_SfM/0022/images/2142630166_31a7f8bf33_o.jpg 0 0 1023.28 0.0 475.0 0.0 1023.1 640.0 0.0 0.0 1.0 4931.52 0.0 640.0 0.0 4932.0 359.0 0.0 0.0 1.0 0.9400319629159553 0.09803532632589143 0.32669402120111074 -0.7648133212577546 -0.1828643432969525 0.9533730566516537 0.2400842493818718 0.8753188893521209 -0.28792453984846467 -0.28542755585762647 0.9141283114039251 1.0760498658849835 0.0 0.0 0.0 1.0
Undistorted_SfM/0022/images/2663006271_724291aab3_o.jpg Undistorted_SfM/0022/images/3778401647_c446f4bcc4_o.jpg 0 0 2924.67 0.0 640.0 0.0 2923.33 425.0 0.0 0.0 1.0 835.035 0.0 640.0 0.0 835.006 409.0 0.0 0.0 1.0 0.6573605226397737 0.3607550426461985 0.6616138922967859 -2.488151091994898 -0.18066048771281112 0.9278060089456587 -0.3264012836122083 0.48879327067624945 -0.73160025386418 0.09503582992570549 0.6750772248981589 1.6058102645382797 0.0 0.0 0.0 1.0
Undistorted_SfM/0022/images/2771662631_b1d3f03750_o.jpg Undistorted_SfM/0022/images/2141796651_c30bd73184_o.jpg 0 0 1765.6 0.0 640.0 0.0 1765.57 425.0 0.0 0.0 1.0 5036.43 0.0 640.0 0.0 5036.43 480.0 0.0 0.0 1.0 0.9881221524611135 0.008788040649603606 -0.15341897587051387 1.6669186394491617 0.028036271076637167 0.9712975376434531 0.23620978149069652 -0.8447711467475844 0.15109129465238466 -0.23770541371476211 0.959514229686543 -2.0682943439384918 0.0 0.0 0.0 1.0
Undistorted_SfM/0022/images/1570210523_2c1d72d751_o.jpg Undistorted_SfM/0022/images/2652859146_cffaed26d8_o.jpg 0 0 3023.77 0.0 512.0 0.0 3023.77 383.5 0.0 0.0 1.0 1389.22 0.0 640.0 0.0 1389.23 468.5 0.0 0.0 1.0 0.9996922711766786 -0.01652707630736949 0.018499153989969676 -0.01802204891843559 0.021614412065009678 0.9462739879990774 -0.3226427696809677 0.4844959850212359 -0.01217292654615926 0.3229433315382939 0.9463400152557481 3.136141359571503 0.0 0.0 0.0 1.0
Undistorted_SfM/0022/images/24655383_ba1f244885_o.jpg Undistorted_SfM/0022/images/186069410_b743faece0_o.jpg 0 0 3038.62 0.0 512.5 0.0 3038.62 384.0 0.0 0.0 1.0 1312.97 0.0 640.0 0.0 1312.29 474.0 0.0 0.0 1.0 0.9983633897036035 -0.03398396431882793 -0.04599600274705957 0.2832574050506389 0.015009002884964146 0.9317945347226063 -0.36267571588608033 0.3651206774493031 0.05518398256677401 0.3613918029372808 0.9307796156114568 1.5897901933558243 0.0 0.0 0.0 1.0
Undistorted_SfM/0022/images/1170878020_5fb6e7c4e2_o.jpg Undistorted_SfM/0022/images/1070377533_d043020b4f_o.jpg 0 0 3188.95 0.0 640.0 0.0 3189.6 479.0 0.0 0.0 1.0 5438.95 0.0 456.0 0.0 5441.69 640.0 0.0 0.0 1.0 0.9426363354049845 -0.05928366310335865 -0.32851512364472535 3.9164724878467894 0.1378757702760069 0.9653858364825827 0.22140564285858236 -2.0516845549560343 0.30401810989653155 -0.25399927954203305 0.9181815478689759 -4.886124735687597 0.0 0.0 0.0 1.0
Undistorted_SfM/0022/images/3474328127_ae0a053968_o.jpg Undistorted_SfM/0022/images/2811690874_f500d83335_o.jpg 0 0 1370.89 0.0 640.0 0.0 1370.7 469.5 0.0 0.0 1.0 4330.51 0.0 640.0 0.0 4329.59 480.0 0.0 0.0 1.0 0.9125881427476357 0.058467626732242484 0.4046781663751091 -2.2331596405160745 -0.17295579921682233 0.9520176337633731 0.25248508177882206 -0.2447869351470131 -0.3704985468712282 -0.3004063275430253 0.878912319368901 -0.2661490842393486 0.0 0.0 0.0 1.0
Undistorted_SfM/0022/images/3722427422_de83a590d7_o.jpg Undistorted_SfM/0022/images/3567985611_9c590334c7_o.jpg 0 0 4765.3 0.0 640.0 0.0 4764.31 480.0 0.0 0.0 1.0 1472.41 0.0 640.0 0.0 1471.81 479.5 0.0 0.0 1.0 0.9747293552324723 -0.04713652684727356 -0.2183594098839456 0.9007844147771503 -0.003800334841794748 0.9738442558017243 -0.22718477699237694 0.011666976134394713 0.22335675835572763 0.22227351006982826 0.9490554489691627 0.5557665690803557 0.0 0.0 0.0 1.0
Undistorted_SfM/0022/images/2663006271_724291aab3_o.jpg Undistorted_SfM/0022/images/3455352909_e6a7dc33d8_o.jpg 0 0 2924.67 0.0 640.0 0.0 2923.33 425.0 0.0 0.0 1.0 992.076 0.0 640.0 0.0 992.148 467.0 0.0 0.0 1.0 0.9759959171961001 0.1405303893111291 0.16638262919128718 -0.8493756076249013 -0.08296956201541325 0.9462724657250501 -0.31254515256136106 0.06579767475269804 -0.20136539274541027 0.2912380989683466 0.9352178079537353 0.8425904120409332 0.0 0.0 0.0 1.0
Undistorted_SfM/0022/images/2941541684_6b0283a313_o.jpg Undistorted_SfM/0022/images/2916597554_bc218c25de_o.jpg 0 0 2234.45 0.0 640.0 0.0 2234.25 424.5 0.0 0.0 1.0 2914.55 0.0 640.0 0.0 2913.18 425.0 0.0 0.0 1.0 0.9964793537806327 0.030697277464727807 -0.07801650239010914 0.9469162410464247 0.004751746774431818 0.9083817151572265 0.41811491299714126 -3.4719389494634076 0.08370375374810894 -0.41701359297302154 0.9050377588168392 -5.68277450802931 0.0 0.0 0.0 1.0
Undistorted_SfM/0022/images/433892710_09d0fce291_o.jpg Undistorted_SfM/0022/images/391017899_2a67c43613_o.jpg 0 0 1407.19 0.0 472.5 0.0 1407.18 640.0 0.0 0.0 1.0 8091.94 0.0 640.0 0.0 8093.62 480.0 0.0 0.0 1.0 0.9527963965193992 -0.03435076421014334 -0.3016604909129254 1.0377195283451293 0.07042523558193463 0.9914848339847375 0.10953588531383794 1.3717674352765283 0.2953291603835913 -0.12560990795489177 0.9471023376862114 4.719954177338742 0.0 0.0 0.0 1.0
Undistorted_SfM/0022/images/319538081_654369b7a2_o.jpg Undistorted_SfM/0022/images/1776131727_4e23408660_o.jpg 0 0 4058.14 0.0 640.0 0.0 4059.84 479.5 0.0 0.0 1.0 1345.31 0.0 640.0 0.0 1345.88 473.5 0.0 0.0 1.0 0.9832953360566042 -0.002338006793606228 0.18200224123225014 -0.7747381148295933 0.05380310405605661 0.9589684882500936 -0.27836067347465426 0.11934420620268382 -0.17388360498696326 0.28350303749265704 0.94307503394437 0.45889399286523513 0.0 0.0 0.0 1.0
Undistorted_SfM/0022/images/521899904_eaf87834d4_o.jpg Undistorted_SfM/0022/images/2895957790_0d008281b5_o.jpg 0 0 1361.64 0.0 640.0 0.0 1361.34 475.0 0.0 0.0 1.0 4963.03 0.0 640.0 0.0 4964.07 480.0 0.0 0.0 1.0 0.9824507597114204 0.013975874190156405 0.18599779483390122 -0.7954474218981105 -0.060001802588976624 0.9678649056754757 0.24420751022005 0.23897061160978594 -0.17660772471363353 -0.25108205691053126 0.9517181895230594 0.42621127665694236 0.0 0.0 0.0 1.0
Undistorted_SfM/0022/images/3464140746_a8e34df568_o.jpg Undistorted_SfM/0022/images/2704221874_65afda36c8_o.jpg 0 0 4116.57 0.0 412.5 0.0 4117.23 640.0 0.0 0.0 1.0 1003.78 0.0 640.0 0.0 1004.06 413.5 0.0 0.0 1.0 0.9983708372260779 -0.023252212643805444 -0.05210571929901039 0.20735861064068017 0.018620751431301322 0.9959753407142358 -0.08767204973818993 -0.5806671084745003 0.05393458067542289 0.08655897005122686 0.9947857084372679 -1.771255282196742 0.0 0.0 0.0 1.0
Undistorted_SfM/0022/images/2680794622_3aaabeed28_o.jpg Undistorted_SfM/0022/images/2112336447_e3c53d8285_o.jpg 0 0 1036.6 0.0 640.0 0.0 1036.95 477.0 0.0 0.0 1.0 3127.11 0.0 510.5 0.0 3127.11 382.5 0.0 0.0 1.0 0.9493070177910318 -0.06767833416806912 -0.3069785482031811 1.1411582565060052 0.15900717652342208 0.945786748434989 0.28320336208954133 0.23948701914638848 0.2711695111673637 -0.31765873129666305 0.9086033384509699 0.26823145995022424 0.0 0.0 0.0 1.0
Undistorted_SfM/0022/images/2652866084_f528569160_o.jpg Undistorted_SfM/0022/images/2227348024_813c13da19_o.jpg 0 0 4330.76 0.0 640.0 0.0 4332.6 480.0 0.0 0.0 1.0 1140.11 0.0 640.0 0.0 1140.58 419.5 0.0 0.0 1.0 0.9998765451136296 0.010286517866937453 -0.011877797851673356 -0.09030196399667875 -0.011885025370281358 0.9895821239540884 -0.14347810328570498 -0.32710041953569324 0.01027816635299352 0.14360155814157743 0.9895822107312418 -1.458274907955475 0.0 0.0 0.0 1.0
Undistorted_SfM/0022/images/402461674_fd8ac69701_o.jpg Undistorted_SfM/0022/images/670515494_2b585ee09a_o.jpg 0 0 4995.4 0.0 640.0 0.0 4994.46 479.5 0.0 0.0 1.0 1402.96 0.0 640.0 0.0 1402.63 473.0 0.0 0.0 1.0 0.9895179107797754 -0.02689889819028155 -0.14188288664309612 0.654523412011395 -0.000798511591808581 0.9814649211369008 -0.19164021226500141 -0.15593424651550009 0.1444079867087224 0.18974471759152062 0.9711556391850112 -0.4131107078129752 0.0 0.0 0.0 1.0
Undistorted_SfM/0022/images/482418570_c6e4f7b980_o.jpg Undistorted_SfM/0022/images/3716504108_7a108dcdbf_o.jpg 0 0 1048.87 0.0 512.5 0.0 1048.87 337.5 0.0 0.0 1.0 5392.98 0.0 640.0 0.0 5391.84 480.0 0.0 0.0 1.0 0.8916329536291491 0.2103120497624803 0.4009482731316642 -1.085930262690131 -0.10981450456530599 0.9595798048447359 -0.2591281009871663 1.2723111164259118 -0.43923962775418607 0.18701721808123067 0.8786882891853751 3.113355216897823 0.0 0.0 0.0 1.0
Undistorted_SfM/0022/images/2652033471_c0307f308a_o.jpg Undistorted_SfM/0022/images/2916597554_bc218c25de_o.jpg 0 0 1591.4 0.0 640.0 0.0 1591.54 474.0 0.0 0.0 1.0 2914.55 0.0 640.0 0.0 2913.18 425.0 0.0 0.0 1.0 0.993268798074946 0.01350317270301742 -0.11504242303474298 0.8328162115934796 0.031524727605657034 0.9241782098373258 0.380658413819089 -1.9235148633573107 0.11145979687825293 -0.3817228062204671 0.917531695850901 -3.080737541639172 0.0 0.0 0.0 1.0
Undistorted_SfM/0022/images/3920216155_37cd0de0c1_o.jpg Undistorted_SfM/0022/images/2814711330_caf820aefa_o.jpg 0 0 1343.38 0.0 640.0 0.0 1342.7 425.0 0.0 0.0 1.0 2495.04 0.0 509.0 0.0 2495.04 339.0 0.0 0.0 1.0 0.9934866054944106 -0.009404733796709428 0.11356018530015997 -0.07389514835766242 -0.040755747606628076 0.9013355882197414 0.43119963641635645 -1.6346298441990692 -0.10641115420959625 -0.4330192933239651 0.8950815369948124 -2.5018304477426088 0.0 0.0 0.0 1.0
Undistorted_SfM/0022/images/3675541387_f37b593a6c_o.jpg Undistorted_SfM/0022/images/2643019453_9f4842b989_o.jpg 0 0 1362.55 0.0 621.5 0.0 1362.55 458.0 0.0 0.0 1.0 3774.12 0.0 640.0 0.0 3775.4 426.0 0.0 0.0 1.0 0.999492753832888 -0.0032319735425968355 0.03168263534761493 -0.3000558987505412 -0.006079976311487596 0.9571746218603984 0.28944736508466495 -0.7349923311002129 -0.031261300734322206 -0.289493173690544 0.9566694483796244 -1.4763766982070097 0.0 0.0 0.0 1.0
Undistorted_SfM/0022/images/2112336447_e3c53d8285_o.jpg Undistorted_SfM/0022/images/3352505021_0d562a40e5_o.jpg 0 0 3127.11 0.0 510.5 0.0 3127.11 382.5 0.0 0.0 1.0 1021.7 0.0 640.0 0.0 1022.17 416.5 0.0 0.0 1.0 0.9974635989469157 -0.03917408047085181 0.059428614279064554 -0.2773302023539028 0.035693694791269874 0.9976469530362387 0.05853646085694421 -0.19093034489311211 -0.061581887986763444 -0.05626676209603776 0.9965147879260066 -0.14352818710040882 0.0 0.0 0.0 1.0
Undistorted_SfM/0022/images/1433640101_c6d27d0559_o.jpg Undistorted_SfM/0022/images/3839101128_52208f3aa8_o.jpg 0 0 3627.83 0.0 635.5 0.0 3627.83 476.5 0.0 0.0 1.0 1047.86 0.0 640.0 0.0 1047.77 416.0 0.0 0.0 1.0 0.9932417298386734 0.011297587284804365 0.11551290243354406 -0.5393279433048462 0.017965780739936498 0.9682900886933267 -0.24918173059169965 -0.1460018813324795 -0.11466515089373833 0.24957297261484887 0.9615431527033532 0.08071773476700184 0.0 0.0 0.0 1.0
Undistorted_SfM/0022/images/3005321073_9e530414a4_o.jpg Undistorted_SfM/0022/images/2704216294_dac7a931a4_o.jpg 0 0 4012.11 0.0 640.0 0.0 4012.11 480.0 0.0 0.0 1.0 999.407 0.0 640.0 0.0 999.937 413.0 0.0 0.0 1.0 0.9940473109564811 -0.017045205132794557 -0.10760764174615813 0.44452634091478654 0.0005539649720379443 0.9884637358526903 -0.1514567133769663 -0.3349626258507896 0.10894786231495465 0.15049552779442898 0.9825891610489493 -0.9699316830979556 0.0 0.0 0.0 1.0
Undistorted_SfM/0022/images/2312738262_9e2cf897de_o.jpg Undistorted_SfM/0022/images/2652866084_f528569160_o.jpg 0 0 987.91 0.0 640.0 0.0 988.225 469.0 0.0 0.0 1.0 4330.76 0.0 640.0 0.0 4332.6 480.0 0.0 0.0 1.0 0.638576793797579 0.1775279903976967 0.7488013695557448 -2.467996511837568 -0.2221318366689782 0.9741323510109863 -0.041516380524737 1.210407219688122 -0.7368019581687268 -0.13982122635409716 0.6614929320102867 3.0968805244111817 0.0 0.0 0.0 1.0
Undistorted_SfM/0022/images/3030755654_3d5ec40ca4_o.jpg Undistorted_SfM/0022/images/2968959102_07bf85b94a_o.jpg 0 0 919.164 0.0 640.0 0.0 919.097 418.0 0.0 0.0 1.0 3542.18 0.0 623.5 0.0 3542.18 467.5 0.0 0.0 1.0 0.9978922938295801 -0.052680940253784767 -0.03789047966859075 0.1355229905582725 0.05909576515524964 0.9789717901706844 0.19524836642266918 0.13080528860949014 0.02680784318542449 -0.19707600712411047 0.9800216257612702 0.22966999897934626 0.0 0.0 0.0 1.0
Undistorted_SfM/0022/images/2915742289_437fe431a1_o.jpg Undistorted_SfM/0022/images/31347159_2b1df19c1d_o.jpg 0 0 974.032 0.0 640.0 0.0 974.303 416.0 0.0 0.0 1.0 8162.42 0.0 640.0 0.0 8159.01 479.5 0.0 0.0 1.0 0.9971574490472238 0.030241757969695294 0.06901056357207751 -0.3000175487786342 -0.025380682010344047 0.9972057358933245 -0.07026052435146657 1.4351887387764972 -0.07094253160356753 0.06830927006165124 0.9951386842211095 4.522836560860079 0.0 0.0 0.0 1.0
Undistorted_SfM/0022/images/3030761546_dbc99a85b8_o.jpg Undistorted_SfM/0022/images/2704204608_ac8406d85b_o.jpg 0 0 916.996 0.0 640.0 0.0 917.189 418.0 0.0 0.0 1.0 3075.18 0.0 640.0 0.0 3073.98 426.5 0.0 0.0 1.0 0.99785808471458 -0.004914806645907254 0.06523103130706542 -0.2859418474486192 -0.018833497344523744 0.9333682410418508 0.35842576078208355 -0.36219845984351307 -0.06264616626357772 -0.35888657162127835 0.9312764823415233 -0.521625514178925 0.0 0.0 0.0 1.0
Undistorted_SfM/0022/images/2362396430_22bb0d9f43_o.jpg Undistorted_SfM/0022/images/1964809378_227cd089c2_o.jpg 0 0 6068.84 0.0 640.0 0.0 6067.25 479.5 0.0 0.0 1.0 3205.67 0.0 640.0 0.0 3207.26 360.0 0.0 0.0 1.0 0.9654060102606252 0.055955984580694694 0.25467658538284704 -2.0648735633436743 0.008742148333828238 0.9692081937451925 -0.24608748854765253 0.6599604061678713 -0.2606047010227768 0.23980076098041625 0.9351902399180836 7.692126543598534 0.0 0.0 0.0 1.0
Undistorted_SfM/0022/images/182339698_1617d74525_o.jpg Undistorted_SfM/0022/images/2346584257_0482a9e2e8_o.jpg 0 0 1294.31 0.0 640.0 0.0 1293.91 474.0 0.0 0.0 1.0 4751.95 0.0 640.0 0.0 4751.95 640.0 0.0 0.0 1.0 0.9820331148846617 -0.04025662908836019 0.184364760961446 -0.47813115752944757 0.006094995179053129 0.9832374934470434 0.18222755695487627 0.17538127569791162 -0.1886102126177062 -0.17782979304497196 0.9658171423214056 0.36414768625977645 0.0 0.0 0.0 1.0
Undistorted_SfM/0022/images/2704204608_ac8406d85b_o.jpg Undistorted_SfM/0022/images/3353331098_88b2151710_o.jpg 0 0 3075.18 0.0 640.0 0.0 3073.98 426.5 0.0 0.0 1.0 1018.13 0.0 640.0 0.0 1018.32 417.0 0.0 0.0 1.0 0.9926512196235302 0.009553680755419361 0.12063284529489296 -0.479483552344088 -0.016001823557497043 0.9984875733356771 0.05259760010747389 -0.19559548019439843 -0.1199478962831478 -0.05414141740160233 0.9913027837643716 -0.13630048910519799 0.0 0.0 0.0 1.0
Undistorted_SfM/0022/images/646220037_7a9250a9ae_o.jpg Undistorted_SfM/0022/images/2448257341_657a198513_o.jpg 0 0 1402.26 0.0 640.0 0.0 1402.23 473.0 0.0 0.0 1.0 3252.57 0.0 640.0 0.0 3251.22 479.5 0.0 0.0 1.0 0.9980449797641311 -0.018940817980538687 0.059560589166357904 -0.27086467184426344 -0.0018708249258106977 0.943492568789361 0.3313884015069771 -1.2867560597230723 -0.06247174066498015 -0.33085195791090694 0.9416125867705926 -1.5538038825270342 0.0 0.0 0.0 1.0
Undistorted_SfM/0022/images/2312738262_9e2cf897de_o.jpg Undistorted_SfM/0022/images/3771535614_a92fcf05a3_o.jpg 0 0 987.91 0.0 640.0 0.0 988.225 469.0 0.0 0.0 1.0 4212.38 0.0 640.0 0.0 4214.24 428.5 0.0 0.0 1.0 0.3289207226933287 0.2176046173125824 0.9189447147174538 -3.211394162403298 -0.3268616250919219 0.9391763104729187 -0.10540083438352693 1.3235355170932597 -0.8859868149273815 -0.26569924420427005 0.38004114961950297 3.362751412682246 0.0 0.0 0.0 1.0
Undistorted_SfM/0022/images/2915746335_814a830967_o.jpg Undistorted_SfM/0022/images/2362913561_1b797b1035_o.jpg 0 0 978.931 0.0 640.0 0.0 978.564 415.0 0.0 0.0 1.0 3931.28 0.0 640.0 0.0 3930.98 426.5 0.0 0.0 1.0 0.8574553864895461 0.13243591870461305 0.49722327742869027 -2.098316140952548 -0.21328870662145377 0.9708647051382411 0.1092229460533985 0.6271742717444222 -0.46827148942446906 -0.19970591316658928 0.8607202567841006 1.258000355048715 0.0 0.0 0.0 1.0
